platform,type,id,parent_id,url,author,title,text,like_count,reaction_count,view_count,retweet_count,reply_count,comment_count,source,timestamp,parties_mentioned,is_kongu_related,nlp_sentiment,nlp_sentiment_score,nlp_trend_score,district
instagram,comment,DW5u4uMk_rr_c0,DW5u4uMk_rr,https://www.instagram.com/jayakumar_udumalaipettai/p/DW5u4uMk_rr/,unknown,,Meta Verified,,,,,,,scrapling_instagram_profile,2026-04-13T02:18:25.000792,,False,neutral,0.5443,0.0,
instagram,comment,DW5u4uMk_rr_c1,DW5u4uMk_rr,https://www.instagram.com/jayakumar_udumalaipettai/p/DW5u4uMk_rr/,unknown,,English,,,,,,,scrapling_instagram_profile,2026-04-13T02:18:25.000792,,False,neutral,0.3784,0.0,
instagram,comment,DW5u4uMk_rr_c2,DW5u4uMk_rr,https://www.instagram.com/jayakumar_udumalaipettai/p/DW5u4uMk_rr/,unknown,,Contact Uploading & Non-Users,,,,,,,scrapling_instagram_profile,2026-04-13T02:18:25.000792,,False,neutral,0.9056,0.0,
instagram,comment,DW5u4uMk_rr_c3,DW5u4uMk_rr,https://www.instagram.com/jayakumar_udumalaipettai/p/DW5u4uMk_rr/,unknown,,About,,,,,,,scrapling_instagram_profile,2026-04-13T02:18:25.000792,,False,neutral,0.425,0.0,
instagram,comment,DW5u4uMk_rr_c4,DW5u4uMk_rr,https://www.instagram.com/jayakumar_udumalaipettai/p/DW5u4uMk_rr/,unknown,,Help,,,,,,,scrapling_instagram_profile,2026-04-13T02:18:25.000792,,False,negative,0.3877,0.0,
instagram,comment,DW5u4uMk_rr_c5,DW5u4uMk_rr,https://www.instagram.com/jayakumar_udumalaipettai/p/DW5u4uMk_rr/,unknown,,Blog,,,,,,,scrapling_instagram_profile,2026-04-13T02:18:25.000792,,False,neutral,0.428,0.0,
instagram,comment,DW5u4uMk_rr_c6,DW5u4uMk_rr,https://www.instagram.com/jayakumar_udumalaipettai/p/DW5u4uMk_rr/,unknown,,© 2026 Instagram from Meta,,,,,,,scrapling_instagram_profile,2026-04-13T02:18:25.000792,,False,neutral,0.858,0.0,
instagram,comment,DW5u4uMk_rr_c7,DW5u4uMk_rr,https://www.instagram.com/jayakumar_udumalaipettai/p/DW5u4uMk_rr/,unknown,,Terms,,,,,,,scrapling_instagram_profile,2026-04-13T02:18:25.000792,,False,neutral,0.4318,0.0,
instagram,comment,DW5u4uMk_rr_c8,DW5u4uMk_rr,https://www.instagram.com/jayakumar_udumalaipettai/p/DW5u4uMk_rr/,unknown,,Meta AI,,,,,,,scrapling_instagram_profile,2026-04-13T02:18:25.000792,,False,neutral,0.5725,0.0,
instagram,comment,DW5u4uMk_rr_c9,DW5u4uMk_rr,https://www.instagram.com/jayakumar_udumalaipettai/p/DW5u4uMk_rr/,unknown,,Meta,,,,,,,scrapling_instagram_profile,2026-04-13T02:18:25.000792,,False,neutral,0.4202,0.0,
instagram,comment,DW5u4uMk_rr_c10,DW5u4uMk_rr,https://www.instagram.com/jayakumar_udumalaipettai/p/DW5u4uMk_rr/,unknown,,Privacy,,,,,,,scrapling_instagram_profile,2026-04-13T02:18:25.000792,,False,neutral,0.4321,0.0,
instagram,comment,DW5u4uMk_rr_c11,DW5u4uMk_rr,https://www.instagram.com/jayakumar_udumalaipettai/p/DW5u4uMk_rr/,unknown,,Start the conversation.,,,,,,,scrapling_instagram_profile,2026-04-13T02:18:25.000792,,False,neutral,0.6209,0.0,
instagram,comment,DW5u4uMk_rr_c12,DW5u4uMk_rr,https://www.instagram.com/jayakumar_udumalaipettai/p/DW5u4uMk_rr/,unknown,,Messages,,,,,,,scrapling_instagram_profile,2026-04-13T02:18:25.000792,,False,neutral,0.4,0.0,
instagram,comment,DW5u4uMk_rr_c13,DW5u4uMk_rr,https://www.instagram.com/jayakumar_udumalaipettai/p/DW5u4uMk_rr/,unknown,,Threads,,,,,,,scrapling_instagram_profile,2026-04-13T02:18:25.000792,,False,neutral,0.4742,0.0,
instagram,comment,DW5u4uMk_rr_c14,DW5u4uMk_rr,https://www.instagram.com/jayakumar_udumalaipettai/p/DW5u4uMk_rr/,unknown,,Instagram Lite,,,,,,,scrapling_instagram_profile,2026-04-13T02:18:25.000792,,False,neutral,0.485,0.0,
instagram,comment,DW5u4uMk_rr_c15,DW5u4uMk_rr,https://www.instagram.com/jayakumar_udumalaipettai/p/DW5u4uMk_rr/,unknown,,Jobs,,,,,,,scrapling_instagram_profile,2026-04-13T02:18:25.000792,,False,neutral,0.4222,0.0,
instagram,comment,DW5u4uMk_rr_c16,DW5u4uMk_rr,https://www.instagram.com/jayakumar_udumalaipettai/p/DW5u4uMk_rr/,unknown,,Locations,,,,,,,scrapling_instagram_profile,2026-04-13T02:18:25.000792,,False,neutral,0.4433,0.0,
instagram,comment,DW5eWbLkwKA_c0,DW5eWbLkwKA,https://www.instagram.com/jayakumar_udumalaipettai/p/DW5eWbLkwKA/,unknown,,Meta Verified,,,,,,,scrapling_instagram_profile,2026-04-13T02:18:28.947352,,False,neutral,0.5443,0.0,
instagram,comment,DW5eWbLkwKA_c1,DW5eWbLkwKA,https://www.instagram.com/jayakumar_udumalaipettai/p/DW5eWbLkwKA/,unknown,,English,,,,,,,scrapling_instagram_profile,2026-04-13T02:18:28.947352,,False,neutral,0.3784,0.0,
instagram,comment,DW5eWbLkwKA_c2,DW5eWbLkwKA,https://www.instagram.com/jayakumar_udumalaipettai/p/DW5eWbLkwKA/,unknown,,Contact Uploading & Non-Users,,,,,,,scrapling_instagram_profile,2026-04-13T02:18:28.947352,,False,neutral,0.9056,0.0,
instagram,comment,DW5eWbLkwKA_c3,DW5eWbLkwKA,https://www.instagram.com/jayakumar_udumalaipettai/p/DW5eWbLkwKA/,unknown,,About,,,,,,,scrapling_instagram_profile,2026-04-13T02:18:28.947352,,False,neutral,0.425,0.0,
instagram,comment,DW5eWbLkwKA_c4,DW5eWbLkwKA,https://www.instagram.com/jayakumar_udumalaipettai/p/DW5eWbLkwKA/,unknown,,Help,,,,,,,scrapling_instagram_profile,2026-04-13T02:18:28.947352,,False,negative,0.3877,0.0,
instagram,comment,DW5eWbLkwKA_c5,DW5eWbLkwKA,https://www.instagram.com/jayakumar_udumalaipettai/p/DW5eWbLkwKA/,unknown,,Blog,,,,,,,scrapling_instagram_profile,2026-04-13T02:18:28.947352,,False,neutral,0.428,0.0,
instagram,comment,DW5eWbLkwKA_c6,DW5eWbLkwKA,https://www.instagram.com/jayakumar_udumalaipettai/p/DW5eWbLkwKA/,unknown,,© 2026 Instagram from Meta,,,,,,,scrapling_instagram_profile,2026-04-13T02:18:28.947352,,False,neutral,0.858,0.0,
instagram,comment,DW5eWbLkwKA_c7,DW5eWbLkwKA,https://www.instagram.com/jayakumar_udumalaipettai/p/DW5eWbLkwKA/,unknown,,Terms,,,,,,,scrapling_instagram_profile,2026-04-13T02:18:28.947352,,False,neutral,0.4318,0.0,
instagram,comment,DW5eWbLkwKA_c8,DW5eWbLkwKA,https://www.instagram.com/jayakumar_udumalaipettai/p/DW5eWbLkwKA/,unknown,,Meta AI,,,,,,,scrapling_instagram_profile,2026-04-13T02:18:28.947352,,False,neutral,0.5725,0.0,
instagram,comment,DW5eWbLkwKA_c9,DW5eWbLkwKA,https://www.instagram.com/jayakumar_udumalaipettai/p/DW5eWbLkwKA/,unknown,,Meta,,,,,,,scrapling_instagram_profile,2026-04-13T02:18:28.947352,,False,neutral,0.4202,0.0,
instagram,comment,DW5eWbLkwKA_c10,DW5eWbLkwKA,https://www.instagram.com/jayakumar_udumalaipettai/p/DW5eWbLkwKA/,unknown,,Privacy,,,,,,,scrapling_instagram_profile,2026-04-13T02:18:28.947352,,False,neutral,0.4321,0.0,
instagram,comment,DW5eWbLkwKA_c11,DW5eWbLkwKA,https://www.instagram.com/jayakumar_udumalaipettai/p/DW5eWbLkwKA/,unknown,,Start the conversation.,,,,,,,scrapling_instagram_profile,2026-04-13T02:18:28.947352,,False,neutral,0.6209,0.0,
instagram,comment,DW5eWbLkwKA_c12,DW5eWbLkwKA,https://www.instagram.com/jayakumar_udumalaipettai/p/DW5eWbLkwKA/,unknown,,Messages,,,,,,,scrapling_instagram_profile,2026-04-13T02:18:28.947352,,False,neutral,0.4,0.0,
instagram,comment,DW5eWbLkwKA_c13,DW5eWbLkwKA,https://www.instagram.com/jayakumar_udumalaipettai/p/DW5eWbLkwKA/,unknown,,Threads,,,,,,,scrapling_instagram_profile,2026-04-13T02:18:28.947352,,False,neutral,0.4742,0.0,
instagram,comment,DW5eWbLkwKA_c14,DW5eWbLkwKA,https://www.instagram.com/jayakumar_udumalaipettai/p/DW5eWbLkwKA/,unknown,,Instagram Lite,,,,,,,scrapling_instagram_profile,2026-04-13T02:18:28.947352,,False,neutral,0.485,0.0,
instagram,comment,DW5eWbLkwKA_c15,DW5eWbLkwKA,https://www.instagram.com/jayakumar_udumalaipettai/p/DW5eWbLkwKA/,unknown,,Jobs,,,,,,,scrapling_instagram_profile,2026-04-13T02:18:28.947352,,False,neutral,0.4222,0.0,
instagram,comment,DW5eWbLkwKA_c16,DW5eWbLkwKA,https://www.instagram.com/jayakumar_udumalaipettai/p/DW5eWbLkwKA/,unknown,,Locations,,,,,,,scrapling_instagram_profile,2026-04-13T02:18:28.947352,,False,neutral,0.4433,0.0,
instagram,comment,DW5YjAOk28Z_c0,DW5YjAOk28Z,https://www.instagram.com/jayakumar_udumalaipettai/reel/DW5YjAOk28Z/,unknown,,Meta Verified,,,,,,,scrapling_instagram_profile,2026-04-13T02:18:33.020707,,False,neutral,0.5443,0.0,
instagram,comment,DW5YjAOk28Z_c1,DW5YjAOk28Z,https://www.instagram.com/jayakumar_udumalaipettai/reel/DW5YjAOk28Z/,unknown,,English,,,,,,,scrapling_instagram_profile,2026-04-13T02:18:33.020707,,False,neutral,0.3784,0.0,
instagram,comment,DW5YjAOk28Z_c2,DW5YjAOk28Z,https://www.instagram.com/jayakumar_udumalaipettai/reel/DW5YjAOk28Z/,unknown,,Contact Uploading & Non-Users,,,,,,,scrapling_instagram_profile,2026-04-13T02:18:33.020707,,False,neutral,0.9056,0.0,
instagram,comment,DW5YjAOk28Z_c3,DW5YjAOk28Z,https://www.instagram.com/jayakumar_udumalaipettai/reel/DW5YjAOk28Z/,unknown,,About,,,,,,,scrapling_instagram_profile,2026-04-13T02:18:33.020707,,False,neutral,0.425,0.0,
instagram,comment,DW5YjAOk28Z_c4,DW5YjAOk28Z,https://www.instagram.com/jayakumar_udumalaipettai/reel/DW5YjAOk28Z/,unknown,,Help,,,,,,,scrapling_instagram_profile,2026-04-13T02:18:33.020707,,False,negative,0.3877,0.0,
instagram,comment,DW5YjAOk28Z_c5,DW5YjAOk28Z,https://www.instagram.com/jayakumar_udumalaipettai/reel/DW5YjAOk28Z/,unknown,,Blog,,,,,,,scrapling_instagram_profile,2026-04-13T02:18:33.020707,,False,neutral,0.428,0.0,
instagram,comment,DW5YjAOk28Z_c6,DW5YjAOk28Z,https://www.instagram.com/jayakumar_udumalaipettai/reel/DW5YjAOk28Z/,unknown,,© 2026 Instagram from Meta,,,,,,,scrapling_instagram_profile,2026-04-13T02:18:33.020707,,False,neutral,0.858,0.0,
instagram,comment,DW5YjAOk28Z_c7,DW5YjAOk28Z,https://www.instagram.com/jayakumar_udumalaipettai/reel/DW5YjAOk28Z/,unknown,,Terms,,,,,,,scrapling_instagram_profile,2026-04-13T02:18:33.020707,,False,neutral,0.4318,0.0,
instagram,comment,DW5YjAOk28Z_c8,DW5YjAOk28Z,https://www.instagram.com/jayakumar_udumalaipettai/reel/DW5YjAOk28Z/,unknown,,Meta AI,,,,,,,scrapling_instagram_profile,2026-04-13T02:18:33.020707,,False,neutral,0.5725,0.0,
instagram,comment,DW5YjAOk28Z_c9,DW5YjAOk28Z,https://www.instagram.com/jayakumar_udumalaipettai/reel/DW5YjAOk28Z/,unknown,,Meta,,,,,,,scrapling_instagram_profile,2026-04-13T02:18:33.020707,,False,neutral,0.4202,0.0,
instagram,comment,DW5YjAOk28Z_c10,DW5YjAOk28Z,https://www.instagram.com/jayakumar_udumalaipettai/reel/DW5YjAOk28Z/,unknown,,Privacy,,,,,,,scrapling_instagram_profile,2026-04-13T02:18:33.020707,,False,neutral,0.4321,0.0,
instagram,comment,DW5YjAOk28Z_c11,DW5YjAOk28Z,https://www.instagram.com/jayakumar_udumalaipettai/reel/DW5YjAOk28Z/,unknown,,Start the conversation.,,,,,,,scrapling_instagram_profile,2026-04-13T02:18:33.020707,,False,neutral,0.6209,0.0,
instagram,comment,DW5YjAOk28Z_c12,DW5YjAOk28Z,https://www.instagram.com/jayakumar_udumalaipettai/reel/DW5YjAOk28Z/,unknown,,Messages,,,,,,,scrapling_instagram_profile,2026-04-13T02:18:33.020707,,False,neutral,0.4,0.0,
instagram,comment,DW5YjAOk28Z_c13,DW5YjAOk28Z,https://www.instagram.com/jayakumar_udumalaipettai/reel/DW5YjAOk28Z/,unknown,,Threads,,,,,,,scrapling_instagram_profile,2026-04-13T02:18:33.020707,,False,neutral,0.4742,0.0,
instagram,comment,DW5YjAOk28Z_c14,DW5YjAOk28Z,https://www.instagram.com/jayakumar_udumalaipettai/reel/DW5YjAOk28Z/,unknown,,Instagram Lite,,,,,,,scrapling_instagram_profile,2026-04-13T02:18:33.020707,,False,neutral,0.485,0.0,
instagram,comment,DW5YjAOk28Z_c15,DW5YjAOk28Z,https://www.instagram.com/jayakumar_udumalaipettai/reel/DW5YjAOk28Z/,unknown,,Jobs,,,,,,,scrapling_instagram_profile,2026-04-13T02:18:33.020707,,False,neutral,0.4222,0.0,
instagram,comment,DW5YjAOk28Z_c16,DW5YjAOk28Z,https://www.instagram.com/jayakumar_udumalaipettai/reel/DW5YjAOk28Z/,unknown,,Locations,,,,,,,scrapling_instagram_profile,2026-04-13T02:18:33.020707,,False,neutral,0.4433,0.0,
instagram,comment,DW3-02hk_oy_c0,DW3-02hk_oy,https://www.instagram.com/jayakumar_udumalaipettai/p/DW3-02hk_oy/,unknown,,Meta Verified,,,,,,,scrapling_instagram_profile,2026-04-13T02:18:36.722056,,False,neutral,0.5443,0.0,
instagram,comment,DW3-02hk_oy_c1,DW3-02hk_oy,https://www.instagram.com/jayakumar_udumalaipettai/p/DW3-02hk_oy/,unknown,,English,,,,,,,scrapling_instagram_profile,2026-04-13T02:18:36.722056,,False,neutral,0.3784,0.0,
instagram,comment,DW3-02hk_oy_c2,DW3-02hk_oy,https://www.instagram.com/jayakumar_udumalaipettai/p/DW3-02hk_oy/,unknown,,Contact Uploading & Non-Users,,,,,,,scrapling_instagram_profile,2026-04-13T02:18:36.722056,,False,neutral,0.9056,0.0,
instagram,comment,DW3-02hk_oy_c3,DW3-02hk_oy,https://www.instagram.com/jayakumar_udumalaipettai/p/DW3-02hk_oy/,unknown,,About,,,,,,,scrapling_instagram_profile,2026-04-13T02:18:36.722056,,False,neutral,0.425,0.0,
instagram,comment,DW3-02hk_oy_c4,DW3-02hk_oy,https://www.instagram.com/jayakumar_udumalaipettai/p/DW3-02hk_oy/,unknown,,Help,,,,,,,scrapling_instagram_profile,2026-04-13T02:18:36.722056,,False,negative,0.3877,0.0,
instagram,comment,DW3-02hk_oy_c5,DW3-02hk_oy,https://www.instagram.com/jayakumar_udumalaipettai/p/DW3-02hk_oy/,unknown,,Blog,,,,,,,scrapling_instagram_profile,2026-04-13T02:18:36.722056,,False,neutral,0.428,0.0,
instagram,comment,DW3-02hk_oy_c6,DW3-02hk_oy,https://www.instagram.com/jayakumar_udumalaipettai/p/DW3-02hk_oy/,unknown,,© 2026 Instagram from Meta,,,,,,,scrapling_instagram_profile,2026-04-13T02:18:36.722056,,False,neutral,0.858,0.0,
instagram,comment,DW3-02hk_oy_c7,DW3-02hk_oy,https://www.instagram.com/jayakumar_udumalaipettai/p/DW3-02hk_oy/,unknown,,Terms,,,,,,,scrapling_instagram_profile,2026-04-13T02:18:36.722056,,False,neutral,0.4318,0.0,
instagram,comment,DW3-02hk_oy_c8,DW3-02hk_oy,https://www.instagram.com/jayakumar_udumalaipettai/p/DW3-02hk_oy/,unknown,,Meta AI,,,,,,,scrapling_instagram_profile,2026-04-13T02:18:36.722056,,False,neutral,0.5725,0.0,
instagram,comment,DW3-02hk_oy_c9,DW3-02hk_oy,https://www.instagram.com/jayakumar_udumalaipettai/p/DW3-02hk_oy/,unknown,,Meta,,,,,,,scrapling_instagram_profile,2026-04-13T02:18:36.722056,,False,neutral,0.4202,0.0,
instagram,comment,DW3-02hk_oy_c10,DW3-02hk_oy,https://www.instagram.com/jayakumar_udumalaipettai/p/DW3-02hk_oy/,unknown,,Privacy,,,,,,,scrapling_instagram_profile,2026-04-13T02:18:36.722056,,False,neutral,0.4321,0.0,
instagram,comment,DW3-02hk_oy_c11,DW3-02hk_oy,https://www.instagram.com/jayakumar_udumalaipettai/p/DW3-02hk_oy/,unknown,,Start the conversation.,,,,,,,scrapling_instagram_profile,2026-04-13T02:18:36.722056,,False,neutral,0.6209,0.0,
instagram,comment,DW3-02hk_oy_c12,DW3-02hk_oy,https://www.instagram.com/jayakumar_udumalaipettai/p/DW3-02hk_oy/,unknown,,Messages,,,,,,,scrapling_instagram_profile,2026-04-13T02:18:36.722056,,False,neutral,0.4,0.0,
instagram,comment,DW3-02hk_oy_c13,DW3-02hk_oy,https://www.instagram.com/jayakumar_udumalaipettai/p/DW3-02hk_oy/,unknown,,Threads,,,,,,,scrapling_instagram_profile,2026-04-13T02:18:36.722056,,False,neutral,0.4742,0.0,
instagram,comment,DW3-02hk_oy_c14,DW3-02hk_oy,https://www.instagram.com/jayakumar_udumalaipettai/p/DW3-02hk_oy/,unknown,,Instagram Lite,,,,,,,scrapling_instagram_profile,2026-04-13T02:18:36.722056,,False,neutral,0.485,0.0,
instagram,comment,DW3-02hk_oy_c15,DW3-02hk_oy,https://www.instagram.com/jayakumar_udumalaipettai/p/DW3-02hk_oy/,unknown,,Jobs,,,,,,,scrapling_instagram_profile,2026-04-13T02:18:36.722056,,False,neutral,0.4222,0.0,
instagram,comment,DW3-02hk_oy_c16,DW3-02hk_oy,https://www.instagram.com/jayakumar_udumalaipettai/p/DW3-02hk_oy/,unknown,,Locations,,,,,,,scrapling_instagram_profile,2026-04-13T02:18:36.722056,,False,neutral,0.4433,0.0,
instagram,comment,DW38937kwba_c0,DW38937kwba,https://www.instagram.com/jayakumar_udumalaipettai/reel/DW38937kwba/,unknown,,Meta Verified,,,,,,,scrapling_instagram_profile,2026-04-13T02:18:40.455022,,False,neutral,0.5443,0.0,
instagram,comment,DW38937kwba_c1,DW38937kwba,https://www.instagram.com/jayakumar_udumalaipettai/reel/DW38937kwba/,unknown,,English,,,,,,,scrapling_instagram_profile,2026-04-13T02:18:40.455022,,False,neutral,0.3784,0.0,
instagram,comment,DW38937kwba_c2,DW38937kwba,https://www.instagram.com/jayakumar_udumalaipettai/reel/DW38937kwba/,unknown,,Contact Uploading & Non-Users,,,,,,,scrapling_instagram_profile,2026-04-13T02:18:40.455022,,False,neutral,0.9056,0.0,
instagram,comment,DW38937kwba_c3,DW38937kwba,https://www.instagram.com/jayakumar_udumalaipettai/reel/DW38937kwba/,unknown,,About,,,,,,,scrapling_instagram_profile,2026-04-13T02:18:40.455022,,False,neutral,0.425,0.0,
instagram,comment,DW38937kwba_c4,DW38937kwba,https://www.instagram.com/jayakumar_udumalaipettai/reel/DW38937kwba/,unknown,,Help,,,,,,,scrapling_instagram_profile,2026-04-13T02:18:40.455022,,False,negative,0.3877,0.0,
instagram,comment,DW38937kwba_c5,DW38937kwba,https://www.instagram.com/jayakumar_udumalaipettai/reel/DW38937kwba/,unknown,,Blog,,,,,,,scrapling_instagram_profile,2026-04-13T02:18:40.455022,,False,neutral,0.428,0.0,
instagram,comment,DW38937kwba_c6,DW38937kwba,https://www.instagram.com/jayakumar_udumalaipettai/reel/DW38937kwba/,unknown,,© 2026 Instagram from Meta,,,,,,,scrapling_instagram_profile,2026-04-13T02:18:40.455022,,False,neutral,0.858,0.0,
instagram,comment,DW38937kwba_c7,DW38937kwba,https://www.instagram.com/jayakumar_udumalaipettai/reel/DW38937kwba/,unknown,,Terms,,,,,,,scrapling_instagram_profile,2026-04-13T02:18:40.455022,,False,neutral,0.4318,0.0,
instagram,comment,DW38937kwba_c8,DW38937kwba,https://www.instagram.com/jayakumar_udumalaipettai/reel/DW38937kwba/,unknown,,Meta AI,,,,,,,scrapling_instagram_profile,2026-04-13T02:18:40.455022,,False,neutral,0.5725,0.0,
instagram,comment,DW38937kwba_c9,DW38937kwba,https://www.instagram.com/jayakumar_udumalaipettai/reel/DW38937kwba/,unknown,,Meta,,,,,,,scrapling_instagram_profile,2026-04-13T02:18:40.455022,,False,neutral,0.4202,0.0,
instagram,comment,DW38937kwba_c10,DW38937kwba,https://www.instagram.com/jayakumar_udumalaipettai/reel/DW38937kwba/,unknown,,Privacy,,,,,,,scrapling_instagram_profile,2026-04-13T02:18:40.455022,,False,neutral,0.4321,0.0,
instagram,comment,DW38937kwba_c11,DW38937kwba,https://www.instagram.com/jayakumar_udumalaipettai/reel/DW38937kwba/,unknown,,Start the conversation.,,,,,,,scrapling_instagram_profile,2026-04-13T02:18:40.455022,,False,neutral,0.6209,0.0,
instagram,comment,DW38937kwba_c12,DW38937kwba,https://www.instagram.com/jayakumar_udumalaipettai/reel/DW38937kwba/,unknown,,Messages,,,,,,,scrapling_instagram_profile,2026-04-13T02:18:40.455022,,False,neutral,0.4,0.0,
instagram,comment,DW38937kwba_c13,DW38937kwba,https://www.instagram.com/jayakumar_udumalaipettai/reel/DW38937kwba/,unknown,,Threads,,,,,,,scrapling_instagram_profile,2026-04-13T02:18:40.455022,,False,neutral,0.4742,0.0,
instagram,comment,DW38937kwba_c14,DW38937kwba,https://www.instagram.com/jayakumar_udumalaipettai/reel/DW38937kwba/,unknown,,Instagram Lite,,,,,,,scrapling_instagram_profile,2026-04-13T02:18:40.455022,,False,neutral,0.485,0.0,
instagram,comment,DW38937kwba_c15,DW38937kwba,https://www.instagram.com/jayakumar_udumalaipettai/reel/DW38937kwba/,unknown,,Jobs,,,,,,,scrapling_instagram_profile,2026-04-13T02:18:40.455022,,False,neutral,0.4222,0.0,
instagram,comment,DW38937kwba_c16,DW38937kwba,https://www.instagram.com/jayakumar_udumalaipettai/reel/DW38937kwba/,unknown,,Locations,,,,,,,scrapling_instagram_profile,2026-04-13T02:18:40.455022,,False,neutral,0.4433,0.0,
instagram,comment,DW32ct_k2tQ_c0,DW32ct_k2tQ,https://www.instagram.com/jayakumar_udumalaipettai/reel/DW32ct_k2tQ/,unknown,,Meta Verified,,,,,,,scrapling_instagram_profile,2026-04-13T02:18:44.314992,,False,neutral,0.5443,0.0,
instagram,comment,DW32ct_k2tQ_c1,DW32ct_k2tQ,https://www.instagram.com/jayakumar_udumalaipettai/reel/DW32ct_k2tQ/,unknown,,English,,,,,,,scrapling_instagram_profile,2026-04-13T02:18:44.314992,,False,neutral,0.3784,0.0,
instagram,comment,DW32ct_k2tQ_c2,DW32ct_k2tQ,https://www.instagram.com/jayakumar_udumalaipettai/reel/DW32ct_k2tQ/,unknown,,Contact Uploading & Non-Users,,,,,,,scrapling_instagram_profile,2026-04-13T02:18:44.314992,,False,neutral,0.9056,0.0,
instagram,comment,DW32ct_k2tQ_c3,DW32ct_k2tQ,https://www.instagram.com/jayakumar_udumalaipettai/reel/DW32ct_k2tQ/,unknown,,About,,,,,,,scrapling_instagram_profile,2026-04-13T02:18:44.314992,,False,neutral,0.425,0.0,
instagram,comment,DW32ct_k2tQ_c4,DW32ct_k2tQ,https://www.instagram.com/jayakumar_udumalaipettai/reel/DW32ct_k2tQ/,unknown,,Help,,,,,,,scrapling_instagram_profile,2026-04-13T02:18:44.314992,,False,negative,0.3877,0.0,
instagram,comment,DW32ct_k2tQ_c5,DW32ct_k2tQ,https://www.instagram.com/jayakumar_udumalaipettai/reel/DW32ct_k2tQ/,unknown,,Blog,,,,,,,scrapling_instagram_profile,2026-04-13T02:18:44.314992,,False,neutral,0.428,0.0,
instagram,comment,DW32ct_k2tQ_c6,DW32ct_k2tQ,https://www.instagram.com/jayakumar_udumalaipettai/reel/DW32ct_k2tQ/,unknown,,© 2026 Instagram from Meta,,,,,,,scrapling_instagram_profile,2026-04-13T02:18:44.314992,,False,neutral,0.858,0.0,
instagram,comment,DW32ct_k2tQ_c7,DW32ct_k2tQ,https://www.instagram.com/jayakumar_udumalaipettai/reel/DW32ct_k2tQ/,unknown,,Terms,,,,,,,scrapling_instagram_profile,2026-04-13T02:18:44.314992,,False,neutral,0.4318,0.0,
instagram,comment,DW32ct_k2tQ_c8,DW32ct_k2tQ,https://www.instagram.com/jayakumar_udumalaipettai/reel/DW32ct_k2tQ/,unknown,,Meta AI,,,,,,,scrapling_instagram_profile,2026-04-13T02:18:44.314992,,False,neutral,0.5725,0.0,
instagram,comment,DW32ct_k2tQ_c9,DW32ct_k2tQ,https://www.instagram.com/jayakumar_udumalaipettai/reel/DW32ct_k2tQ/,unknown,,Meta,,,,,,,scrapling_instagram_profile,2026-04-13T02:18:44.314992,,False,neutral,0.4202,0.0,
instagram,comment,DW32ct_k2tQ_c10,DW32ct_k2tQ,https://www.instagram.com/jayakumar_udumalaipettai/reel/DW32ct_k2tQ/,unknown,,Privacy,,,,,,,scrapling_instagram_profile,2026-04-13T02:18:44.314992,,False,neutral,0.4321,0.0,
instagram,comment,DW32ct_k2tQ_c11,DW32ct_k2tQ,https://www.instagram.com/jayakumar_udumalaipettai/reel/DW32ct_k2tQ/,unknown,,Messages,,,,,,,scrapling_instagram_profile,2026-04-13T02:18:44.314992,,False,neutral,0.4,0.0,
instagram,comment,DW32ct_k2tQ_c12,DW32ct_k2tQ,https://www.instagram.com/jayakumar_udumalaipettai/reel/DW32ct_k2tQ/,unknown,,mahendran61524,,,,,,,scrapling_instagram_profile,2026-04-13T02:18:44.314992,,False,neutral,0.4264,0.0,
instagram,comment,DW32ct_k2tQ_c13,DW32ct_k2tQ,https://www.instagram.com/jayakumar_udumalaipettai/reel/DW32ct_k2tQ/,unknown,,Threads,,,,,,,scrapling_instagram_profile,2026-04-13T02:18:44.314992,,False,neutral,0.4742,0.0,
instagram,comment,DW32ct_k2tQ_c14,DW32ct_k2tQ,https://www.instagram.com/jayakumar_udumalaipettai/reel/DW32ct_k2tQ/,unknown,,Instagram Lite,,,,,,,scrapling_instagram_profile,2026-04-13T02:18:44.314992,,False,neutral,0.485,0.0,
instagram,comment,DW32ct_k2tQ_c15,DW32ct_k2tQ,https://www.instagram.com/jayakumar_udumalaipettai/reel/DW32ct_k2tQ/,unknown,,Jobs,,,,,,,scrapling_instagram_profile,2026-04-13T02:18:44.314992,,False,neutral,0.4222,0.0,
instagram,comment,DW32ct_k2tQ_c16,DW32ct_k2tQ,https://www.instagram.com/jayakumar_udumalaipettai/reel/DW32ct_k2tQ/,unknown,,Locations,,,,,,,scrapling_instagram_profile,2026-04-13T02:18:44.314992,,False,neutral,0.4433,0.0,
instagram,comment,DW3yqpkE5b6_c0,DW3yqpkE5b6,https://www.instagram.com/jayakumar_udumalaipettai/p/DW3yqpkE5b6/,unknown,,Meta Verified,,,,,,,scrapling_instagram_profile,2026-04-13T02:18:47.808297,,False,neutral,0.5443,0.0,
instagram,comment,DW3yqpkE5b6_c1,DW3yqpkE5b6,https://www.instagram.com/jayakumar_udumalaipettai/p/DW3yqpkE5b6/,unknown,,English,,,,,,,scrapling_instagram_profile,2026-04-13T02:18:47.808297,,False,neutral,0.3784,0.0,
instagram,comment,DW3yqpkE5b6_c2,DW3yqpkE5b6,https://www.instagram.com/jayakumar_udumalaipettai/p/DW3yqpkE5b6/,unknown,,Contact Uploading & Non-Users,,,,,,,scrapling_instagram_profile,2026-04-13T02:18:47.808297,,False,neutral,0.9056,0.0,
instagram,comment,DW3yqpkE5b6_c3,DW3yqpkE5b6,https://www.instagram.com/jayakumar_udumalaipettai/p/DW3yqpkE5b6/,unknown,,About,,,,,,,scrapling_instagram_profile,2026-04-13T02:18:47.808297,,False,neutral,0.425,0.0,
instagram,comment,DW3yqpkE5b6_c4,DW3yqpkE5b6,https://www.instagram.com/jayakumar_udumalaipettai/p/DW3yqpkE5b6/,unknown,,Help,,,,,,,scrapling_instagram_profile,2026-04-13T02:18:47.808297,,False,negative,0.3877,0.0,
instagram,comment,DW3yqpkE5b6_c5,DW3yqpkE5b6,https://www.instagram.com/jayakumar_udumalaipettai/p/DW3yqpkE5b6/,unknown,,Blog,,,,,,,scrapling_instagram_profile,2026-04-13T02:18:47.808297,,False,neutral,0.428,0.0,
instagram,comment,DW3yqpkE5b6_c6,DW3yqpkE5b6,https://www.instagram.com/jayakumar_udumalaipettai/p/DW3yqpkE5b6/,unknown,,© 2026 Instagram from Meta,,,,,,,scrapling_instagram_profile,2026-04-13T02:18:47.808297,,False,neutral,0.858,0.0,
instagram,comment,DW3yqpkE5b6_c7,DW3yqpkE5b6,https://www.instagram.com/jayakumar_udumalaipettai/p/DW3yqpkE5b6/,unknown,,Terms,,,,,,,scrapling_instagram_profile,2026-04-13T02:18:47.808297,,False,neutral,0.4318,0.0,
instagram,comment,DW3yqpkE5b6_c8,DW3yqpkE5b6,https://www.instagram.com/jayakumar_udumalaipettai/p/DW3yqpkE5b6/,unknown,,Meta AI,,,,,,,scrapling_instagram_profile,2026-04-13T02:18:47.808297,,False,neutral,0.5725,0.0,
instagram,comment,DW3yqpkE5b6_c9,DW3yqpkE5b6,https://www.instagram.com/jayakumar_udumalaipettai/p/DW3yqpkE5b6/,unknown,,Meta,,,,,,,scrapling_instagram_profile,2026-04-13T02:18:47.808297,,False,neutral,0.4202,0.0,
instagram,comment,DW3yqpkE5b6_c10,DW3yqpkE5b6,https://www.instagram.com/jayakumar_udumalaipettai/p/DW3yqpkE5b6/,unknown,,Privacy,,,,,,,scrapling_instagram_profile,2026-04-13T02:18:47.808297,,False,neutral,0.4321,0.0,
instagram,comment,DW3yqpkE5b6_c11,DW3yqpkE5b6,https://www.instagram.com/jayakumar_udumalaipettai/p/DW3yqpkE5b6/,unknown,,Start the conversation.,,,,,,,scrapling_instagram_profile,2026-04-13T02:18:47.808297,,False,neutral,0.6209,0.0,
instagram,comment,DW3yqpkE5b6_c12,DW3yqpkE5b6,https://www.instagram.com/jayakumar_udumalaipettai/p/DW3yqpkE5b6/,unknown,,Messages,,,,,,,scrapling_instagram_profile,2026-04-13T02:18:47.808297,,False,neutral,0.4,0.0,
instagram,comment,DW3yqpkE5b6_c13,DW3yqpkE5b6,https://www.instagram.com/jayakumar_udumalaipettai/p/DW3yqpkE5b6/,unknown,,Threads,,,,,,,scrapling_instagram_profile,2026-04-13T02:18:47.808297,,False,neutral,0.4742,0.0,
instagram,comment,DW3yqpkE5b6_c14,DW3yqpkE5b6,https://www.instagram.com/jayakumar_udumalaipettai/p/DW3yqpkE5b6/,unknown,,Instagram Lite,,,,,,,scrapling_instagram_profile,2026-04-13T02:18:47.808297,,False,neutral,0.485,0.0,
instagram,comment,DW3yqpkE5b6_c15,DW3yqpkE5b6,https://www.instagram.com/jayakumar_udumalaipettai/p/DW3yqpkE5b6/,unknown,,Jobs,,,,,,,scrapling_instagram_profile,2026-04-13T02:18:47.808297,,False,neutral,0.4222,0.0,
instagram,comment,DW3yqpkE5b6_c16,DW3yqpkE5b6,https://www.instagram.com/jayakumar_udumalaipettai/p/DW3yqpkE5b6/,unknown,,Locations,,,,,,,scrapling_instagram_profile,2026-04-13T02:18:47.808297,,False,neutral,0.4433,0.0,
instagram,comment,DW3jKVIE5rV_c0,DW3jKVIE5rV,https://www.instagram.com/jayakumar_udumalaipettai/reel/DW3jKVIE5rV/,unknown,,Meta Verified,,,,,,,scrapling_instagram_profile,2026-04-13T02:18:51.918460,,False,neutral,0.5443,0.0,
instagram,comment,DW3jKVIE5rV_c1,DW3jKVIE5rV,https://www.instagram.com/jayakumar_udumalaipettai/reel/DW3jKVIE5rV/,unknown,,English,,,,,,,scrapling_instagram_profile,2026-04-13T02:18:51.918460,,False,neutral,0.3784,0.0,
instagram,comment,DW3jKVIE5rV_c2,DW3jKVIE5rV,https://www.instagram.com/jayakumar_udumalaipettai/reel/DW3jKVIE5rV/,unknown,,Contact Uploading & Non-Users,,,,,,,scrapling_instagram_profile,2026-04-13T02:18:51.918460,,False,neutral,0.9056,0.0,
instagram,comment,DW3jKVIE5rV_c3,DW3jKVIE5rV,https://www.instagram.com/jayakumar_udumalaipettai/reel/DW3jKVIE5rV/,unknown,,About,,,,,,,scrapling_instagram_profile,2026-04-13T02:18:51.918460,,False,neutral,0.425,0.0,
instagram,comment,DW3jKVIE5rV_c4,DW3jKVIE5rV,https://www.instagram.com/jayakumar_udumalaipettai/reel/DW3jKVIE5rV/,unknown,,Help,,,,,,,scrapling_instagram_profile,2026-04-13T02:18:51.918460,,False,negative,0.3877,0.0,
instagram,comment,DW3jKVIE5rV_c5,DW3jKVIE5rV,https://www.instagram.com/jayakumar_udumalaipettai/reel/DW3jKVIE5rV/,unknown,,Blog,,,,,,,scrapling_instagram_profile,2026-04-13T02:18:51.918460,,False,neutral,0.428,0.0,
instagram,comment,DW3jKVIE5rV_c6,DW3jKVIE5rV,https://www.instagram.com/jayakumar_udumalaipettai/reel/DW3jKVIE5rV/,unknown,,© 2026 Instagram from Meta,,,,,,,scrapling_instagram_profile,2026-04-13T02:18:51.918460,,False,neutral,0.858,0.0,
instagram,comment,DW3jKVIE5rV_c7,DW3jKVIE5rV,https://www.instagram.com/jayakumar_udumalaipettai/reel/DW3jKVIE5rV/,unknown,,Terms,,,,,,,scrapling_instagram_profile,2026-04-13T02:18:51.918460,,False,neutral,0.4318,0.0,
instagram,comment,DW3jKVIE5rV_c8,DW3jKVIE5rV,https://www.instagram.com/jayakumar_udumalaipettai/reel/DW3jKVIE5rV/,unknown,,Meta AI,,,,,,,scrapling_instagram_profile,2026-04-13T02:18:51.918460,,False,neutral,0.5725,0.0,
instagram,comment,DW3jKVIE5rV_c9,DW3jKVIE5rV,https://www.instagram.com/jayakumar_udumalaipettai/reel/DW3jKVIE5rV/,unknown,,Meta,,,,,,,scrapling_instagram_profile,2026-04-13T02:18:51.918460,,False,neutral,0.4202,0.0,
instagram,comment,DW3jKVIE5rV_c10,DW3jKVIE5rV,https://www.instagram.com/jayakumar_udumalaipettai/reel/DW3jKVIE5rV/,unknown,,Privacy,,,,,,,scrapling_instagram_profile,2026-04-13T02:18:51.918460,,False,neutral,0.4321,0.0,
instagram,comment,DW3jKVIE5rV_c11,DW3jKVIE5rV,https://www.instagram.com/jayakumar_udumalaipettai/reel/DW3jKVIE5rV/,unknown,,Start the conversation.,,,,,,,scrapling_instagram_profile,2026-04-13T02:18:51.918460,,False,neutral,0.6209,0.0,
instagram,comment,DW3jKVIE5rV_c12,DW3jKVIE5rV,https://www.instagram.com/jayakumar_udumalaipettai/reel/DW3jKVIE5rV/,unknown,,Messages,,,,,,,scrapling_instagram_profile,2026-04-13T02:18:51.918460,,False,neutral,0.4,0.0,
instagram,comment,DW3jKVIE5rV_c13,DW3jKVIE5rV,https://www.instagram.com/jayakumar_udumalaipettai/reel/DW3jKVIE5rV/,unknown,,Threads,,,,,,,scrapling_instagram_profile,2026-04-13T02:18:51.918460,,False,neutral,0.4742,0.0,
instagram,comment,DW3jKVIE5rV_c14,DW3jKVIE5rV,https://www.instagram.com/jayakumar_udumalaipettai/reel/DW3jKVIE5rV/,unknown,,Instagram Lite,,,,,,,scrapling_instagram_profile,2026-04-13T02:18:51.918460,,False,neutral,0.485,0.0,
instagram,comment,DW3jKVIE5rV_c15,DW3jKVIE5rV,https://www.instagram.com/jayakumar_udumalaipettai/reel/DW3jKVIE5rV/,unknown,,Jobs,,,,,,,scrapling_instagram_profile,2026-04-13T02:18:51.918460,,False,neutral,0.4222,0.0,
instagram,comment,DW3jKVIE5rV_c16,DW3jKVIE5rV,https://www.instagram.com/jayakumar_udumalaipettai/reel/DW3jKVIE5rV/,unknown,,Locations,,,,,,,scrapling_instagram_profile,2026-04-13T02:18:51.918460,,False,neutral,0.4433,0.0,
instagram,comment,DW3Q-9LkyJ7_c0,DW3Q-9LkyJ7,https://www.instagram.com/jayakumar_udumalaipettai/p/DW3Q-9LkyJ7/,unknown,,Meta Verified,,,,,,,scrapling_instagram_profile,2026-04-13T02:18:55.502018,,False,neutral,0.5443,0.0,
instagram,comment,DW3Q-9LkyJ7_c1,DW3Q-9LkyJ7,https://www.instagram.com/jayakumar_udumalaipettai/p/DW3Q-9LkyJ7/,unknown,,English,,,,,,,scrapling_instagram_profile,2026-04-13T02:18:55.502018,,False,neutral,0.3784,0.0,
instagram,comment,DW3Q-9LkyJ7_c2,DW3Q-9LkyJ7,https://www.instagram.com/jayakumar_udumalaipettai/p/DW3Q-9LkyJ7/,unknown,,Contact Uploading & Non-Users,,,,,,,scrapling_instagram_profile,2026-04-13T02:18:55.502018,,False,neutral,0.9056,0.0,
instagram,comment,DW3Q-9LkyJ7_c3,DW3Q-9LkyJ7,https://www.instagram.com/jayakumar_udumalaipettai/p/DW3Q-9LkyJ7/,unknown,,About,,,,,,,scrapling_instagram_profile,2026-04-13T02:18:55.502018,,False,neutral,0.425,0.0,
instagram,comment,DW3Q-9LkyJ7_c4,DW3Q-9LkyJ7,https://www.instagram.com/jayakumar_udumalaipettai/p/DW3Q-9LkyJ7/,unknown,,Help,,,,,,,scrapling_instagram_profile,2026-04-13T02:18:55.502018,,False,negative,0.3877,0.0,
instagram,comment,DW3Q-9LkyJ7_c5,DW3Q-9LkyJ7,https://www.instagram.com/jayakumar_udumalaipettai/p/DW3Q-9LkyJ7/,unknown,,Blog,,,,,,,scrapling_instagram_profile,2026-04-13T02:18:55.502018,,False,neutral,0.428,0.0,
instagram,comment,DW3Q-9LkyJ7_c6,DW3Q-9LkyJ7,https://www.instagram.com/jayakumar_udumalaipettai/p/DW3Q-9LkyJ7/,unknown,,© 2026 Instagram from Meta,,,,,,,scrapling_instagram_profile,2026-04-13T02:18:55.502018,,False,neutral,0.858,0.0,
instagram,comment,DW3Q-9LkyJ7_c7,DW3Q-9LkyJ7,https://www.instagram.com/jayakumar_udumalaipettai/p/DW3Q-9LkyJ7/,unknown,,Terms,,,,,,,scrapling_instagram_profile,2026-04-13T02:18:55.502018,,False,neutral,0.4318,0.0,
instagram,comment,DW3Q-9LkyJ7_c8,DW3Q-9LkyJ7,https://www.instagram.com/jayakumar_udumalaipettai/p/DW3Q-9LkyJ7/,unknown,,Meta AI,,,,,,,scrapling_instagram_profile,2026-04-13T02:18:55.502018,,False,neutral,0.5725,0.0,
instagram,comment,DW3Q-9LkyJ7_c9,DW3Q-9LkyJ7,https://www.instagram.com/jayakumar_udumalaipettai/p/DW3Q-9LkyJ7/,unknown,,Meta,,,,,,,scrapling_instagram_profile,2026-04-13T02:18:55.502018,,False,neutral,0.4202,0.0,
instagram,comment,DW3Q-9LkyJ7_c10,DW3Q-9LkyJ7,https://www.instagram.com/jayakumar_udumalaipettai/p/DW3Q-9LkyJ7/,unknown,,Privacy,,,,,,,scrapling_instagram_profile,2026-04-13T02:18:55.502018,,False,neutral,0.4321,0.0,
instagram,comment,DW3Q-9LkyJ7_c11,DW3Q-9LkyJ7,https://www.instagram.com/jayakumar_udumalaipettai/p/DW3Q-9LkyJ7/,unknown,,Start the conversation.,,,,,,,scrapling_instagram_profile,2026-04-13T02:18:55.502018,,False,neutral,0.6209,0.0,
instagram,comment,DW3Q-9LkyJ7_c12,DW3Q-9LkyJ7,https://www.instagram.com/jayakumar_udumalaipettai/p/DW3Q-9LkyJ7/,unknown,,Messages,,,,,,,scrapling_instagram_profile,2026-04-13T02:18:55.502018,,False,neutral,0.4,0.0,
instagram,comment,DW3Q-9LkyJ7_c13,DW3Q-9LkyJ7,https://www.instagram.com/jayakumar_udumalaipettai/p/DW3Q-9LkyJ7/,unknown,,Threads,,,,,,,scrapling_instagram_profile,2026-04-13T02:18:55.502018,,False,neutral,0.4742,0.0,
instagram,comment,DW3Q-9LkyJ7_c14,DW3Q-9LkyJ7,https://www.instagram.com/jayakumar_udumalaipettai/p/DW3Q-9LkyJ7/,unknown,,Instagram Lite,,,,,,,scrapling_instagram_profile,2026-04-13T02:18:55.502018,,False,neutral,0.485,0.0,
instagram,comment,DW3Q-9LkyJ7_c15,DW3Q-9LkyJ7,https://www.instagram.com/jayakumar_udumalaipettai/p/DW3Q-9LkyJ7/,unknown,,Jobs,,,,,,,scrapling_instagram_profile,2026-04-13T02:18:55.502018,,False,neutral,0.4222,0.0,
instagram,comment,DW3Q-9LkyJ7_c16,DW3Q-9LkyJ7,https://www.instagram.com/jayakumar_udumalaipettai/p/DW3Q-9LkyJ7/,unknown,,Locations,,,,,,,scrapling_instagram_profile,2026-04-13T02:18:55.502018,,False,neutral,0.4433,0.0,
instagram,comment,DW3Ihqjk13x_c0,DW3Ihqjk13x,https://www.instagram.com/jayakumar_udumalaipettai/p/DW3Ihqjk13x/,unknown,,Meta Verified,,,,,,,scrapling_instagram_profile,2026-04-13T02:18:59.345481,,False,neutral,0.5443,0.0,
instagram,comment,DW3Ihqjk13x_c1,DW3Ihqjk13x,https://www.instagram.com/jayakumar_udumalaipettai/p/DW3Ihqjk13x/,unknown,,English,,,,,,,scrapling_instagram_profile,2026-04-13T02:18:59.345481,,False,neutral,0.3784,0.0,
instagram,comment,DW3Ihqjk13x_c2,DW3Ihqjk13x,https://www.instagram.com/jayakumar_udumalaipettai/p/DW3Ihqjk13x/,unknown,,Contact Uploading & Non-Users,,,,,,,scrapling_instagram_profile,2026-04-13T02:18:59.345481,,False,neutral,0.9056,0.0,
instagram,comment,DW3Ihqjk13x_c3,DW3Ihqjk13x,https://www.instagram.com/jayakumar_udumalaipettai/p/DW3Ihqjk13x/,unknown,,About,,,,,,,scrapling_instagram_profile,2026-04-13T02:18:59.345481,,False,neutral,0.425,0.0,
instagram,comment,DW3Ihqjk13x_c4,DW3Ihqjk13x,https://www.instagram.com/jayakumar_udumalaipettai/p/DW3Ihqjk13x/,unknown,,Help,,,,,,,scrapling_instagram_profile,2026-04-13T02:18:59.345481,,False,negative,0.3877,0.0,
instagram,comment,DW3Ihqjk13x_c5,DW3Ihqjk13x,https://www.instagram.com/jayakumar_udumalaipettai/p/DW3Ihqjk13x/,unknown,,Blog,,,,,,,scrapling_instagram_profile,2026-04-13T02:18:59.345481,,False,neutral,0.428,0.0,
instagram,comment,DW3Ihqjk13x_c6,DW3Ihqjk13x,https://www.instagram.com/jayakumar_udumalaipettai/p/DW3Ihqjk13x/,unknown,,© 2026 Instagram from Meta,,,,,,,scrapling_instagram_profile,2026-04-13T02:18:59.345481,,False,neutral,0.858,0.0,
instagram,comment,DW3Ihqjk13x_c7,DW3Ihqjk13x,https://www.instagram.com/jayakumar_udumalaipettai/p/DW3Ihqjk13x/,unknown,,Terms,,,,,,,scrapling_instagram_profile,2026-04-13T02:18:59.345481,,False,neutral,0.4318,0.0,
instagram,comment,DW3Ihqjk13x_c8,DW3Ihqjk13x,https://www.instagram.com/jayakumar_udumalaipettai/p/DW3Ihqjk13x/,unknown,,Meta AI,,,,,,,scrapling_instagram_profile,2026-04-13T02:18:59.345481,,False,neutral,0.5725,0.0,
instagram,comment,DW3Ihqjk13x_c9,DW3Ihqjk13x,https://www.instagram.com/jayakumar_udumalaipettai/p/DW3Ihqjk13x/,unknown,,Meta,,,,,,,scrapling_instagram_profile,2026-04-13T02:18:59.345481,,False,neutral,0.4202,0.0,
instagram,comment,DW3Ihqjk13x_c10,DW3Ihqjk13x,https://www.instagram.com/jayakumar_udumalaipettai/p/DW3Ihqjk13x/,unknown,,Privacy,,,,,,,scrapling_instagram_profile,2026-04-13T02:18:59.345481,,False,neutral,0.4321,0.0,
instagram,comment,DW3Ihqjk13x_c11,DW3Ihqjk13x,https://www.instagram.com/jayakumar_udumalaipettai/p/DW3Ihqjk13x/,unknown,,Start the conversation.,,,,,,,scrapling_instagram_profile,2026-04-13T02:18:59.345481,,False,neutral,0.6209,0.0,
instagram,comment,DW3Ihqjk13x_c12,DW3Ihqjk13x,https://www.instagram.com/jayakumar_udumalaipettai/p/DW3Ihqjk13x/,unknown,,Messages,,,,,,,scrapling_instagram_profile,2026-04-13T02:18:59.345481,,False,neutral,0.4,0.0,
instagram,comment,DW3Ihqjk13x_c13,DW3Ihqjk13x,https://www.instagram.com/jayakumar_udumalaipettai/p/DW3Ihqjk13x/,unknown,,Threads,,,,,,,scrapling_instagram_profile,2026-04-13T02:18:59.345481,,False,neutral,0.4742,0.0,
instagram,comment,DW3Ihqjk13x_c14,DW3Ihqjk13x,https://www.instagram.com/jayakumar_udumalaipettai/p/DW3Ihqjk13x/,unknown,,Instagram Lite,,,,,,,scrapling_instagram_profile,2026-04-13T02:18:59.345481,,False,neutral,0.485,0.0,
instagram,comment,DW3Ihqjk13x_c15,DW3Ihqjk13x,https://www.instagram.com/jayakumar_udumalaipettai/p/DW3Ihqjk13x/,unknown,,Jobs,,,,,,,scrapling_instagram_profile,2026-04-13T02:18:59.345481,,False,neutral,0.4222,0.0,
instagram,comment,DW3Ihqjk13x_c16,DW3Ihqjk13x,https://www.instagram.com/jayakumar_udumalaipettai/p/DW3Ihqjk13x/,unknown,,Locations,,,,,,,scrapling_instagram_profile,2026-04-13T02:18:59.345481,,False,neutral,0.4433,0.0,
instagram,comment,DW22eYSE6Ps_c0,DW22eYSE6Ps,https://www.instagram.com/jayakumar_udumalaipettai/p/DW22eYSE6Ps/,unknown,,Meta Verified,,,,,,,scrapling_instagram_profile,2026-04-13T02:19:02.697805,,False,neutral,0.5443,0.0,
instagram,comment,DW22eYSE6Ps_c1,DW22eYSE6Ps,https://www.instagram.com/jayakumar_udumalaipettai/p/DW22eYSE6Ps/,unknown,,English,,,,,,,scrapling_instagram_profile,2026-04-13T02:19:02.697805,,False,neutral,0.3784,0.0,
instagram,comment,DW22eYSE6Ps_c2,DW22eYSE6Ps,https://www.instagram.com/jayakumar_udumalaipettai/p/DW22eYSE6Ps/,unknown,,Contact Uploading & Non-Users,,,,,,,scrapling_instagram_profile,2026-04-13T02:19:02.697805,,False,neutral,0.9056,0.0,
instagram,comment,DW22eYSE6Ps_c3,DW22eYSE6Ps,https://www.instagram.com/jayakumar_udumalaipettai/p/DW22eYSE6Ps/,unknown,,About,,,,,,,scrapling_instagram_profile,2026-04-13T02:19:02.697805,,False,neutral,0.425,0.0,
instagram,comment,DW22eYSE6Ps_c4,DW22eYSE6Ps,https://www.instagram.com/jayakumar_udumalaipettai/p/DW22eYSE6Ps/,unknown,,Help,,,,,,,scrapling_instagram_profile,2026-04-13T02:19:02.697805,,False,negative,0.3877,0.0,
instagram,comment,DW22eYSE6Ps_c5,DW22eYSE6Ps,https://www.instagram.com/jayakumar_udumalaipettai/p/DW22eYSE6Ps/,unknown,,Blog,,,,,,,scrapling_instagram_profile,2026-04-13T02:19:02.697805,,False,neutral,0.428,0.0,
instagram,comment,DW22eYSE6Ps_c6,DW22eYSE6Ps,https://www.instagram.com/jayakumar_udumalaipettai/p/DW22eYSE6Ps/,unknown,,© 2026 Instagram from Meta,,,,,,,scrapling_instagram_profile,2026-04-13T02:19:02.697805,,False,neutral,0.858,0.0,
instagram,comment,DW22eYSE6Ps_c7,DW22eYSE6Ps,https://www.instagram.com/jayakumar_udumalaipettai/p/DW22eYSE6Ps/,unknown,,Terms,,,,,,,scrapling_instagram_profile,2026-04-13T02:19:02.697805,,False,neutral,0.4318,0.0,
instagram,comment,DW22eYSE6Ps_c8,DW22eYSE6Ps,https://www.instagram.com/jayakumar_udumalaipettai/p/DW22eYSE6Ps/,unknown,,Meta AI,,,,,,,scrapling_instagram_profile,2026-04-13T02:19:02.697805,,False,neutral,0.5725,0.0,
instagram,comment,DW22eYSE6Ps_c9,DW22eYSE6Ps,https://www.instagram.com/jayakumar_udumalaipettai/p/DW22eYSE6Ps/,unknown,,Meta,,,,,,,scrapling_instagram_profile,2026-04-13T02:19:02.697805,,False,neutral,0.4202,0.0,
instagram,comment,DW22eYSE6Ps_c10,DW22eYSE6Ps,https://www.instagram.com/jayakumar_udumalaipettai/p/DW22eYSE6Ps/,unknown,,Privacy,,,,,,,scrapling_instagram_profile,2026-04-13T02:19:02.697805,,False,neutral,0.4321,0.0,
instagram,comment,DW22eYSE6Ps_c11,DW22eYSE6Ps,https://www.instagram.com/jayakumar_udumalaipettai/p/DW22eYSE6Ps/,unknown,,Start the conversation.,,,,,,,scrapling_instagram_profile,2026-04-13T02:19:02.697805,,False,neutral,0.6209,0.0,
instagram,comment,DW22eYSE6Ps_c12,DW22eYSE6Ps,https://www.instagram.com/jayakumar_udumalaipettai/p/DW22eYSE6Ps/,unknown,,Messages,,,,,,,scrapling_instagram_profile,2026-04-13T02:19:02.697805,,False,neutral,0.4,0.0,
instagram,comment,DW22eYSE6Ps_c13,DW22eYSE6Ps,https://www.instagram.com/jayakumar_udumalaipettai/p/DW22eYSE6Ps/,unknown,,Threads,,,,,,,scrapling_instagram_profile,2026-04-13T02:19:02.697805,,False,neutral,0.4742,0.0,
instagram,comment,DW22eYSE6Ps_c14,DW22eYSE6Ps,https://www.instagram.com/jayakumar_udumalaipettai/p/DW22eYSE6Ps/,unknown,,Instagram Lite,,,,,,,scrapling_instagram_profile,2026-04-13T02:19:02.697805,,False,neutral,0.485,0.0,
instagram,comment,DW22eYSE6Ps_c15,DW22eYSE6Ps,https://www.instagram.com/jayakumar_udumalaipettai/p/DW22eYSE6Ps/,unknown,,Jobs,,,,,,,scrapling_instagram_profile,2026-04-13T02:19:02.697805,,False,neutral,0.4222,0.0,
instagram,comment,DW22eYSE6Ps_c16,DW22eYSE6Ps,https://www.instagram.com/jayakumar_udumalaipettai/p/DW22eYSE6Ps/,unknown,,Locations,,,,,,,scrapling_instagram_profile,2026-04-13T02:19:02.697805,,False,neutral,0.4433,0.0,
instagram,comment,DW2za68k0HS_c0,DW2za68k0HS,https://www.instagram.com/jayakumar_udumalaipettai/reel/DW2za68k0HS/,unknown,,Meta Verified,,,,,,,scrapling_instagram_profile,2026-04-13T02:19:06.393587,,False,neutral,0.5443,0.0,
instagram,comment,DW2za68k0HS_c1,DW2za68k0HS,https://www.instagram.com/jayakumar_udumalaipettai/reel/DW2za68k0HS/,unknown,,English,,,,,,,scrapling_instagram_profile,2026-04-13T02:19:06.393587,,False,neutral,0.3784,0.0,
instagram,comment,DW2za68k0HS_c2,DW2za68k0HS,https://www.instagram.com/jayakumar_udumalaipettai/reel/DW2za68k0HS/,unknown,,Contact Uploading & Non-Users,,,,,,,scrapling_instagram_profile,2026-04-13T02:19:06.393587,,False,neutral,0.9056,0.0,
instagram,comment,DW2za68k0HS_c3,DW2za68k0HS,https://www.instagram.com/jayakumar_udumalaipettai/reel/DW2za68k0HS/,unknown,,About,,,,,,,scrapling_instagram_profile,2026-04-13T02:19:06.393587,,False,neutral,0.425,0.0,
instagram,comment,DW2za68k0HS_c4,DW2za68k0HS,https://www.instagram.com/jayakumar_udumalaipettai/reel/DW2za68k0HS/,unknown,,Help,,,,,,,scrapling_instagram_profile,2026-04-13T02:19:06.393587,,False,negative,0.3877,0.0,
instagram,comment,DW2za68k0HS_c5,DW2za68k0HS,https://www.instagram.com/jayakumar_udumalaipettai/reel/DW2za68k0HS/,unknown,,Blog,,,,,,,scrapling_instagram_profile,2026-04-13T02:19:06.393587,,False,neutral,0.428,0.0,
instagram,comment,DW2za68k0HS_c6,DW2za68k0HS,https://www.instagram.com/jayakumar_udumalaipettai/reel/DW2za68k0HS/,unknown,,© 2026 Instagram from Meta,,,,,,,scrapling_instagram_profile,2026-04-13T02:19:06.393587,,False,neutral,0.858,0.0,
instagram,comment,DW2za68k0HS_c7,DW2za68k0HS,https://www.instagram.com/jayakumar_udumalaipettai/reel/DW2za68k0HS/,unknown,,Terms,,,,,,,scrapling_instagram_profile,2026-04-13T02:19:06.393587,,False,neutral,0.4318,0.0,
instagram,comment,DW2za68k0HS_c8,DW2za68k0HS,https://www.instagram.com/jayakumar_udumalaipettai/reel/DW2za68k0HS/,unknown,,Meta AI,,,,,,,scrapling_instagram_profile,2026-04-13T02:19:06.393587,,False,neutral,0.5725,0.0,
instagram,comment,DW2za68k0HS_c9,DW2za68k0HS,https://www.instagram.com/jayakumar_udumalaipettai/reel/DW2za68k0HS/,unknown,,Meta,,,,,,,scrapling_instagram_profile,2026-04-13T02:19:06.393587,,False,neutral,0.4202,0.0,
instagram,comment,DW2za68k0HS_c10,DW2za68k0HS,https://www.instagram.com/jayakumar_udumalaipettai/reel/DW2za68k0HS/,unknown,,Privacy,,,,,,,scrapling_instagram_profile,2026-04-13T02:19:06.393587,,False,neutral,0.4321,0.0,
instagram,comment,DW2za68k0HS_c11,DW2za68k0HS,https://www.instagram.com/jayakumar_udumalaipettai/reel/DW2za68k0HS/,unknown,,Start the conversation.,,,,,,,scrapling_instagram_profile,2026-04-13T02:19:06.393587,,False,neutral,0.6209,0.0,
instagram,comment,DW2za68k0HS_c12,DW2za68k0HS,https://www.instagram.com/jayakumar_udumalaipettai/reel/DW2za68k0HS/,unknown,,Messages,,,,,,,scrapling_instagram_profile,2026-04-13T02:19:06.393587,,False,neutral,0.4,0.0,
instagram,comment,DW2za68k0HS_c13,DW2za68k0HS,https://www.instagram.com/jayakumar_udumalaipettai/reel/DW2za68k0HS/,unknown,,Threads,,,,,,,scrapling_instagram_profile,2026-04-13T02:19:06.393587,,False,neutral,0.4742,0.0,
instagram,comment,DW2za68k0HS_c14,DW2za68k0HS,https://www.instagram.com/jayakumar_udumalaipettai/reel/DW2za68k0HS/,unknown,,Instagram Lite,,,,,,,scrapling_instagram_profile,2026-04-13T02:19:06.393587,,False,neutral,0.485,0.0,
instagram,comment,DW2za68k0HS_c15,DW2za68k0HS,https://www.instagram.com/jayakumar_udumalaipettai/reel/DW2za68k0HS/,unknown,,Jobs,,,,,,,scrapling_instagram_profile,2026-04-13T02:19:06.393587,,False,neutral,0.4222,0.0,
instagram,comment,DW2za68k0HS_c16,DW2za68k0HS,https://www.instagram.com/jayakumar_udumalaipettai/reel/DW2za68k0HS/,unknown,,Locations,,,,,,,scrapling_instagram_profile,2026-04-13T02:19:06.393587,,False,neutral,0.4433,0.0,
instagram,comment,DW1pRv8k9OV_c0,DW1pRv8k9OV,https://www.instagram.com/jayakumar_udumalaipettai/p/DW1pRv8k9OV/,unknown,,Meta Verified,,,,,,,scrapling_instagram_profile,2026-04-13T02:19:10.050314,,False,neutral,0.5443,0.0,
instagram,comment,DW1pRv8k9OV_c1,DW1pRv8k9OV,https://www.instagram.com/jayakumar_udumalaipettai/p/DW1pRv8k9OV/,unknown,,English,,,,,,,scrapling_instagram_profile,2026-04-13T02:19:10.050314,,False,neutral,0.3784,0.0,
instagram,comment,DW1pRv8k9OV_c2,DW1pRv8k9OV,https://www.instagram.com/jayakumar_udumalaipettai/p/DW1pRv8k9OV/,unknown,,Contact Uploading & Non-Users,,,,,,,scrapling_instagram_profile,2026-04-13T02:19:10.050314,,False,neutral,0.9056,0.0,
instagram,comment,DW1pRv8k9OV_c3,DW1pRv8k9OV,https://www.instagram.com/jayakumar_udumalaipettai/p/DW1pRv8k9OV/,unknown,,About,,,,,,,scrapling_instagram_profile,2026-04-13T02:19:10.050314,,False,neutral,0.425,0.0,
instagram,comment,DW1pRv8k9OV_c4,DW1pRv8k9OV,https://www.instagram.com/jayakumar_udumalaipettai/p/DW1pRv8k9OV/,unknown,,Help,,,,,,,scrapling_instagram_profile,2026-04-13T02:19:10.050314,,False,negative,0.3877,0.0,
instagram,comment,DW1pRv8k9OV_c5,DW1pRv8k9OV,https://www.instagram.com/jayakumar_udumalaipettai/p/DW1pRv8k9OV/,unknown,,Blog,,,,,,,scrapling_instagram_profile,2026-04-13T02:19:10.050314,,False,neutral,0.428,0.0,
instagram,comment,DW1pRv8k9OV_c6,DW1pRv8k9OV,https://www.instagram.com/jayakumar_udumalaipettai/p/DW1pRv8k9OV/,unknown,,© 2026 Instagram from Meta,,,,,,,scrapling_instagram_profile,2026-04-13T02:19:10.050314,,False,neutral,0.858,0.0,
instagram,comment,DW1pRv8k9OV_c7,DW1pRv8k9OV,https://www.instagram.com/jayakumar_udumalaipettai/p/DW1pRv8k9OV/,unknown,,Terms,,,,,,,scrapling_instagram_profile,2026-04-13T02:19:10.050314,,False,neutral,0.4318,0.0,
instagram,comment,DW1pRv8k9OV_c8,DW1pRv8k9OV,https://www.instagram.com/jayakumar_udumalaipettai/p/DW1pRv8k9OV/,unknown,,Meta AI,,,,,,,scrapling_instagram_profile,2026-04-13T02:19:10.050314,,False,neutral,0.5725,0.0,
instagram,comment,DW1pRv8k9OV_c9,DW1pRv8k9OV,https://www.instagram.com/jayakumar_udumalaipettai/p/DW1pRv8k9OV/,unknown,,Meta,,,,,,,scrapling_instagram_profile,2026-04-13T02:19:10.050314,,False,neutral,0.4202,0.0,
instagram,comment,DW1pRv8k9OV_c10,DW1pRv8k9OV,https://www.instagram.com/jayakumar_udumalaipettai/p/DW1pRv8k9OV/,unknown,,Privacy,,,,,,,scrapling_instagram_profile,2026-04-13T02:19:10.050314,,False,neutral,0.4321,0.0,
instagram,comment,DW1pRv8k9OV_c11,DW1pRv8k9OV,https://www.instagram.com/jayakumar_udumalaipettai/p/DW1pRv8k9OV/,unknown,,Start the conversation.,,,,,,,scrapling_instagram_profile,2026-04-13T02:19:10.050314,,False,neutral,0.6209,0.0,
instagram,comment,DW1pRv8k9OV_c12,DW1pRv8k9OV,https://www.instagram.com/jayakumar_udumalaipettai/p/DW1pRv8k9OV/,unknown,,Messages,,,,,,,scrapling_instagram_profile,2026-04-13T02:19:10.050314,,False,neutral,0.4,0.0,
instagram,comment,DW1pRv8k9OV_c13,DW1pRv8k9OV,https://www.instagram.com/jayakumar_udumalaipettai/p/DW1pRv8k9OV/,unknown,,Threads,,,,,,,scrapling_instagram_profile,2026-04-13T02:19:10.050314,,False,neutral,0.4742,0.0,
instagram,comment,DW1pRv8k9OV_c14,DW1pRv8k9OV,https://www.instagram.com/jayakumar_udumalaipettai/p/DW1pRv8k9OV/,unknown,,Instagram Lite,,,,,,,scrapling_instagram_profile,2026-04-13T02:19:10.050314,,False,neutral,0.485,0.0,
instagram,comment,DW1pRv8k9OV_c15,DW1pRv8k9OV,https://www.instagram.com/jayakumar_udumalaipettai/p/DW1pRv8k9OV/,unknown,,Jobs,,,,,,,scrapling_instagram_profile,2026-04-13T02:19:10.050314,,False,neutral,0.4222,0.0,
instagram,comment,DW1pRv8k9OV_c16,DW1pRv8k9OV,https://www.instagram.com/jayakumar_udumalaipettai/p/DW1pRv8k9OV/,unknown,,Locations,,,,,,,scrapling_instagram_profile,2026-04-13T02:19:10.050314,,False,neutral,0.4433,0.0,
instagram,comment,DW1ZkuBE3Ko_c0,DW1ZkuBE3Ko,https://www.instagram.com/jayakumar_udumalaipettai/reel/DW1ZkuBE3Ko/,unknown,,Meta Verified,,,,,,,scrapling_instagram_profile,2026-04-13T02:19:13.556490,,False,neutral,0.5443,0.0,
instagram,comment,DW1ZkuBE3Ko_c1,DW1ZkuBE3Ko,https://www.instagram.com/jayakumar_udumalaipettai/reel/DW1ZkuBE3Ko/,unknown,,English,,,,,,,scrapling_instagram_profile,2026-04-13T02:19:13.556490,,False,neutral,0.3784,0.0,
instagram,comment,DW1ZkuBE3Ko_c2,DW1ZkuBE3Ko,https://www.instagram.com/jayakumar_udumalaipettai/reel/DW1ZkuBE3Ko/,unknown,,Contact Uploading & Non-Users,,,,,,,scrapling_instagram_profile,2026-04-13T02:19:13.556490,,False,neutral,0.9056,0.0,
instagram,comment,DW1ZkuBE3Ko_c3,DW1ZkuBE3Ko,https://www.instagram.com/jayakumar_udumalaipettai/reel/DW1ZkuBE3Ko/,unknown,,About,,,,,,,scrapling_instagram_profile,2026-04-13T02:19:13.556490,,False,neutral,0.425,0.0,
instagram,comment,DW1ZkuBE3Ko_c4,DW1ZkuBE3Ko,https://www.instagram.com/jayakumar_udumalaipettai/reel/DW1ZkuBE3Ko/,unknown,,Help,,,,,,,scrapling_instagram_profile,2026-04-13T02:19:13.556490,,False,negative,0.3877,0.0,
instagram,comment,DW1ZkuBE3Ko_c5,DW1ZkuBE3Ko,https://www.instagram.com/jayakumar_udumalaipettai/reel/DW1ZkuBE3Ko/,unknown,,Blog,,,,,,,scrapling_instagram_profile,2026-04-13T02:19:13.556490,,False,neutral,0.428,0.0,
instagram,comment,DW1ZkuBE3Ko_c6,DW1ZkuBE3Ko,https://www.instagram.com/jayakumar_udumalaipettai/reel/DW1ZkuBE3Ko/,unknown,,© 2026 Instagram from Meta,,,,,,,scrapling_instagram_profile,2026-04-13T02:19:13.556490,,False,neutral,0.858,0.0,
instagram,comment,DW1ZkuBE3Ko_c7,DW1ZkuBE3Ko,https://www.instagram.com/jayakumar_udumalaipettai/reel/DW1ZkuBE3Ko/,unknown,,Terms,,,,,,,scrapling_instagram_profile,2026-04-13T02:19:13.556490,,False,neutral,0.4318,0.0,
instagram,comment,DW1ZkuBE3Ko_c8,DW1ZkuBE3Ko,https://www.instagram.com/jayakumar_udumalaipettai/reel/DW1ZkuBE3Ko/,unknown,,Meta AI,,,,,,,scrapling_instagram_profile,2026-04-13T02:19:13.556490,,False,neutral,0.5725,0.0,
instagram,comment,DW1ZkuBE3Ko_c9,DW1ZkuBE3Ko,https://www.instagram.com/jayakumar_udumalaipettai/reel/DW1ZkuBE3Ko/,unknown,,Meta,,,,,,,scrapling_instagram_profile,2026-04-13T02:19:13.556490,,False,neutral,0.4202,0.0,
instagram,comment,DW1ZkuBE3Ko_c10,DW1ZkuBE3Ko,https://www.instagram.com/jayakumar_udumalaipettai/reel/DW1ZkuBE3Ko/,unknown,,Privacy,,,,,,,scrapling_instagram_profile,2026-04-13T02:19:13.556490,,False,neutral,0.4321,0.0,
instagram,comment,DW1ZkuBE3Ko_c11,DW1ZkuBE3Ko,https://www.instagram.com/jayakumar_udumalaipettai/reel/DW1ZkuBE3Ko/,unknown,,Start the conversation.,,,,,,,scrapling_instagram_profile,2026-04-13T02:19:13.556490,,False,neutral,0.6209,0.0,
instagram,comment,DW1ZkuBE3Ko_c12,DW1ZkuBE3Ko,https://www.instagram.com/jayakumar_udumalaipettai/reel/DW1ZkuBE3Ko/,unknown,,Messages,,,,,,,scrapling_instagram_profile,2026-04-13T02:19:13.556490,,False,neutral,0.4,0.0,
instagram,comment,DW1ZkuBE3Ko_c13,DW1ZkuBE3Ko,https://www.instagram.com/jayakumar_udumalaipettai/reel/DW1ZkuBE3Ko/,unknown,,Threads,,,,,,,scrapling_instagram_profile,2026-04-13T02:19:13.556490,,False,neutral,0.4742,0.0,
instagram,comment,DW1ZkuBE3Ko_c14,DW1ZkuBE3Ko,https://www.instagram.com/jayakumar_udumalaipettai/reel/DW1ZkuBE3Ko/,unknown,,Instagram Lite,,,,,,,scrapling_instagram_profile,2026-04-13T02:19:13.556490,,False,neutral,0.485,0.0,
instagram,comment,DW1ZkuBE3Ko_c15,DW1ZkuBE3Ko,https://www.instagram.com/jayakumar_udumalaipettai/reel/DW1ZkuBE3Ko/,unknown,,Jobs,,,,,,,scrapling_instagram_profile,2026-04-13T02:19:13.556490,,False,neutral,0.4222,0.0,
instagram,comment,DW1ZkuBE3Ko_c16,DW1ZkuBE3Ko,https://www.instagram.com/jayakumar_udumalaipettai/reel/DW1ZkuBE3Ko/,unknown,,Locations,,,,,,,scrapling_instagram_profile,2026-04-13T02:19:13.556490,,False,neutral,0.4433,0.0,
instagram,comment,DW1X1YQk3i5_c0,DW1X1YQk3i5,https://www.instagram.com/jayakumar_udumalaipettai/p/DW1X1YQk3i5/,unknown,,Meta Verified,,,,,,,scrapling_instagram_profile,2026-04-13T02:19:16.918148,,False,neutral,0.5443,0.0,
instagram,comment,DW1X1YQk3i5_c1,DW1X1YQk3i5,https://www.instagram.com/jayakumar_udumalaipettai/p/DW1X1YQk3i5/,unknown,,English,,,,,,,scrapling_instagram_profile,2026-04-13T02:19:16.918148,,False,neutral,0.3784,0.0,
instagram,comment,DW1X1YQk3i5_c2,DW1X1YQk3i5,https://www.instagram.com/jayakumar_udumalaipettai/p/DW1X1YQk3i5/,unknown,,Contact Uploading & Non-Users,,,,,,,scrapling_instagram_profile,2026-04-13T02:19:16.918148,,False,neutral,0.9056,0.0,
instagram,comment,DW1X1YQk3i5_c3,DW1X1YQk3i5,https://www.instagram.com/jayakumar_udumalaipettai/p/DW1X1YQk3i5/,unknown,,About,,,,,,,scrapling_instagram_profile,2026-04-13T02:19:16.918148,,False,neutral,0.425,0.0,
instagram,comment,DW1X1YQk3i5_c4,DW1X1YQk3i5,https://www.instagram.com/jayakumar_udumalaipettai/p/DW1X1YQk3i5/,unknown,,Help,,,,,,,scrapling_instagram_profile,2026-04-13T02:19:16.918148,,False,negative,0.3877,0.0,
instagram,comment,DW1X1YQk3i5_c5,DW1X1YQk3i5,https://www.instagram.com/jayakumar_udumalaipettai/p/DW1X1YQk3i5/,unknown,,Blog,,,,,,,scrapling_instagram_profile,2026-04-13T02:19:16.918148,,False,neutral,0.428,0.0,
instagram,comment,DW1X1YQk3i5_c6,DW1X1YQk3i5,https://www.instagram.com/jayakumar_udumalaipettai/p/DW1X1YQk3i5/,unknown,,© 2026 Instagram from Meta,,,,,,,scrapling_instagram_profile,2026-04-13T02:19:16.918148,,False,neutral,0.858,0.0,
instagram,comment,DW1X1YQk3i5_c7,DW1X1YQk3i5,https://www.instagram.com/jayakumar_udumalaipettai/p/DW1X1YQk3i5/,unknown,,Terms,,,,,,,scrapling_instagram_profile,2026-04-13T02:19:16.918148,,False,neutral,0.4318,0.0,
instagram,comment,DW1X1YQk3i5_c8,DW1X1YQk3i5,https://www.instagram.com/jayakumar_udumalaipettai/p/DW1X1YQk3i5/,unknown,,Meta AI,,,,,,,scrapling_instagram_profile,2026-04-13T02:19:16.918148,,False,neutral,0.5725,0.0,
instagram,comment,DW1X1YQk3i5_c9,DW1X1YQk3i5,https://www.instagram.com/jayakumar_udumalaipettai/p/DW1X1YQk3i5/,unknown,,Meta,,,,,,,scrapling_instagram_profile,2026-04-13T02:19:16.918148,,False,neutral,0.4202,0.0,
instagram,comment,DW1X1YQk3i5_c10,DW1X1YQk3i5,https://www.instagram.com/jayakumar_udumalaipettai/p/DW1X1YQk3i5/,unknown,,Privacy,,,,,,,scrapling_instagram_profile,2026-04-13T02:19:16.918148,,False,neutral,0.4321,0.0,
instagram,comment,DW1X1YQk3i5_c11,DW1X1YQk3i5,https://www.instagram.com/jayakumar_udumalaipettai/p/DW1X1YQk3i5/,unknown,,Start the conversation.,,,,,,,scrapling_instagram_profile,2026-04-13T02:19:16.918148,,False,neutral,0.6209,0.0,
instagram,comment,DW1X1YQk3i5_c12,DW1X1YQk3i5,https://www.instagram.com/jayakumar_udumalaipettai/p/DW1X1YQk3i5/,unknown,,Messages,,,,,,,scrapling_instagram_profile,2026-04-13T02:19:16.918148,,False,neutral,0.4,0.0,
instagram,comment,DW1X1YQk3i5_c13,DW1X1YQk3i5,https://www.instagram.com/jayakumar_udumalaipettai/p/DW1X1YQk3i5/,unknown,,Threads,,,,,,,scrapling_instagram_profile,2026-04-13T02:19:16.918148,,False,neutral,0.4742,0.0,
instagram,comment,DW1X1YQk3i5_c14,DW1X1YQk3i5,https://www.instagram.com/jayakumar_udumalaipettai/p/DW1X1YQk3i5/,unknown,,Instagram Lite,,,,,,,scrapling_instagram_profile,2026-04-13T02:19:16.918148,,False,neutral,0.485,0.0,
instagram,comment,DW1X1YQk3i5_c15,DW1X1YQk3i5,https://www.instagram.com/jayakumar_udumalaipettai/p/DW1X1YQk3i5/,unknown,,Jobs,,,,,,,scrapling_instagram_profile,2026-04-13T02:19:16.918148,,False,neutral,0.4222,0.0,
instagram,comment,DW1X1YQk3i5_c16,DW1X1YQk3i5,https://www.instagram.com/jayakumar_udumalaipettai/p/DW1X1YQk3i5/,unknown,,Locations,,,,,,,scrapling_instagram_profile,2026-04-13T02:19:16.918148,,False,neutral,0.4433,0.0,
instagram,comment,DW065r5E5Xq_c0,DW065r5E5Xq,https://www.instagram.com/jayakumar_udumalaipettai/reel/DW065r5E5Xq/,unknown,,Meta Verified,,,,,,,scrapling_instagram_profile,2026-04-13T02:19:20.608761,,False,neutral,0.5443,0.0,
instagram,comment,DW065r5E5Xq_c1,DW065r5E5Xq,https://www.instagram.com/jayakumar_udumalaipettai/reel/DW065r5E5Xq/,unknown,,English,,,,,,,scrapling_instagram_profile,2026-04-13T02:19:20.608761,,False,neutral,0.3784,0.0,
instagram,comment,DW065r5E5Xq_c2,DW065r5E5Xq,https://www.instagram.com/jayakumar_udumalaipettai/reel/DW065r5E5Xq/,unknown,,Contact Uploading & Non-Users,,,,,,,scrapling_instagram_profile,2026-04-13T02:19:20.608761,,False,neutral,0.9056,0.0,
instagram,comment,DW065r5E5Xq_c3,DW065r5E5Xq,https://www.instagram.com/jayakumar_udumalaipettai/reel/DW065r5E5Xq/,unknown,,About,,,,,,,scrapling_instagram_profile,2026-04-13T02:19:20.608761,,False,neutral,0.425,0.0,
instagram,comment,DW065r5E5Xq_c4,DW065r5E5Xq,https://www.instagram.com/jayakumar_udumalaipettai/reel/DW065r5E5Xq/,unknown,,Help,,,,,,,scrapling_instagram_profile,2026-04-13T02:19:20.608761,,False,negative,0.3877,0.0,
instagram,comment,DW065r5E5Xq_c5,DW065r5E5Xq,https://www.instagram.com/jayakumar_udumalaipettai/reel/DW065r5E5Xq/,unknown,,Blog,,,,,,,scrapling_instagram_profile,2026-04-13T02:19:20.608761,,False,neutral,0.428,0.0,
instagram,comment,DW065r5E5Xq_c6,DW065r5E5Xq,https://www.instagram.com/jayakumar_udumalaipettai/reel/DW065r5E5Xq/,unknown,,© 2026 Instagram from Meta,,,,,,,scrapling_instagram_profile,2026-04-13T02:19:20.608761,,False,neutral,0.858,0.0,
instagram,comment,DW065r5E5Xq_c7,DW065r5E5Xq,https://www.instagram.com/jayakumar_udumalaipettai/reel/DW065r5E5Xq/,unknown,,Terms,,,,,,,scrapling_instagram_profile,2026-04-13T02:19:20.608761,,False,neutral,0.4318,0.0,
instagram,comment,DW065r5E5Xq_c8,DW065r5E5Xq,https://www.instagram.com/jayakumar_udumalaipettai/reel/DW065r5E5Xq/,unknown,,Meta AI,,,,,,,scrapling_instagram_profile,2026-04-13T02:19:20.608761,,False,neutral,0.5725,0.0,
instagram,comment,DW065r5E5Xq_c9,DW065r5E5Xq,https://www.instagram.com/jayakumar_udumalaipettai/reel/DW065r5E5Xq/,unknown,,Meta,,,,,,,scrapling_instagram_profile,2026-04-13T02:19:20.608761,,False,neutral,0.4202,0.0,
instagram,comment,DW065r5E5Xq_c10,DW065r5E5Xq,https://www.instagram.com/jayakumar_udumalaipettai/reel/DW065r5E5Xq/,unknown,,Privacy,,,,,,,scrapling_instagram_profile,2026-04-13T02:19:20.608761,,False,neutral,0.4321,0.0,
instagram,comment,DW065r5E5Xq_c11,DW065r5E5Xq,https://www.instagram.com/jayakumar_udumalaipettai/reel/DW065r5E5Xq/,unknown,,Start the conversation.,,,,,,,scrapling_instagram_profile,2026-04-13T02:19:20.608761,,False,neutral,0.6209,0.0,
instagram,comment,DW065r5E5Xq_c12,DW065r5E5Xq,https://www.instagram.com/jayakumar_udumalaipettai/reel/DW065r5E5Xq/,unknown,,Messages,,,,,,,scrapling_instagram_profile,2026-04-13T02:19:20.608761,,False,neutral,0.4,0.0,
instagram,comment,DW065r5E5Xq_c13,DW065r5E5Xq,https://www.instagram.com/jayakumar_udumalaipettai/reel/DW065r5E5Xq/,unknown,,Threads,,,,,,,scrapling_instagram_profile,2026-04-13T02:19:20.608761,,False,neutral,0.4742,0.0,
instagram,comment,DW065r5E5Xq_c14,DW065r5E5Xq,https://www.instagram.com/jayakumar_udumalaipettai/reel/DW065r5E5Xq/,unknown,,Instagram Lite,,,,,,,scrapling_instagram_profile,2026-04-13T02:19:20.608761,,False,neutral,0.485,0.0,
instagram,comment,DW065r5E5Xq_c15,DW065r5E5Xq,https://www.instagram.com/jayakumar_udumalaipettai/reel/DW065r5E5Xq/,unknown,,Jobs,,,,,,,scrapling_instagram_profile,2026-04-13T02:19:20.608761,,False,neutral,0.4222,0.0,
instagram,comment,DW065r5E5Xq_c16,DW065r5E5Xq,https://www.instagram.com/jayakumar_udumalaipettai/reel/DW065r5E5Xq/,unknown,,Locations,,,,,,,scrapling_instagram_profile,2026-04-13T02:19:20.608761,,False,neutral,0.4433,0.0,
instagram,comment,DW0TY3_k4nd_c0,DW0TY3_k4nd,https://www.instagram.com/jayakumar_udumalaipettai/reel/DW0TY3_k4nd/,unknown,,Blog,,,,,,,scrapling_instagram_profile,2026-04-13T02:19:24.539110,,False,neutral,0.428,0.0,
instagram,comment,DW0TY3_k4nd_c1,DW0TY3_k4nd,https://www.instagram.com/jayakumar_udumalaipettai/reel/DW0TY3_k4nd/,unknown,,Terms,,,,,,,scrapling_instagram_profile,2026-04-13T02:19:24.539110,,False,neutral,0.4318,0.0,
instagram,comment,DW0TY3_k4nd_c2,DW0TY3_k4nd,https://www.instagram.com/jayakumar_udumalaipettai/reel/DW0TY3_k4nd/,unknown,,Locations,,,,,,,scrapling_instagram_profile,2026-04-13T02:19:24.539110,,False,neutral,0.4433,0.0,
instagram,comment,DW0TY3_k4nd_c3,DW0TY3_k4nd,https://www.instagram.com/jayakumar_udumalaipettai/reel/DW0TY3_k4nd/,unknown,,About,,,,,,,scrapling_instagram_profile,2026-04-13T02:19:24.539110,,False,neutral,0.425,0.0,
instagram,comment,DW0TY3_k4nd_c4,DW0TY3_k4nd,https://www.instagram.com/jayakumar_udumalaipettai/reel/DW0TY3_k4nd/,unknown,,Messages,,,,,,,scrapling_instagram_profile,2026-04-13T02:19:24.539110,,False,neutral,0.4,0.0,
instagram,comment,DW0TY3_k4nd_c5,DW0TY3_k4nd,https://www.instagram.com/jayakumar_udumalaipettai/reel/DW0TY3_k4nd/,unknown,,Contact Uploading & Non-Users,,,,,,,scrapling_instagram_profile,2026-04-13T02:19:24.539110,,False,neutral,0.9056,0.0,
instagram,comment,DW0TY3_k4nd_c6,DW0TY3_k4nd,https://www.instagram.com/jayakumar_udumalaipettai/reel/DW0TY3_k4nd/,unknown,,Meta AI,,,,,,,scrapling_instagram_profile,2026-04-13T02:19:24.539110,,False,neutral,0.5725,0.0,
instagram,comment,DW0TY3_k4nd_c7,DW0TY3_k4nd,https://www.instagram.com/jayakumar_udumalaipettai/reel/DW0TY3_k4nd/,unknown,,Privacy,,,,,,,scrapling_instagram_profile,2026-04-13T02:19:24.539110,,False,neutral,0.4321,0.0,
instagram,comment,DW0TY3_k4nd_c8,DW0TY3_k4nd,https://www.instagram.com/jayakumar_udumalaipettai/reel/DW0TY3_k4nd/,unknown,,comments from Facebook.,,,,,,,scrapling_instagram_profile,2026-04-13T02:19:24.539110,,False,neutral,0.7633,0.0,
instagram,comment,DW0TY3_k4nd_c9,DW0TY3_k4nd,https://www.instagram.com/jayakumar_udumalaipettai/reel/DW0TY3_k4nd/,unknown,,This reel has,,,,,,,scrapling_instagram_profile,2026-04-13T02:19:24.539110,,False,neutral,0.4137,0.0,
instagram,comment,DW0TY3_k4nd_c10,DW0TY3_k4nd,https://www.instagram.com/jayakumar_udumalaipettai/reel/DW0TY3_k4nd/,unknown,,Meta Verified,,,,,,,scrapling_instagram_profile,2026-04-13T02:19:24.539110,,False,neutral,0.5443,0.0,
instagram,comment,DW0TY3_k4nd_c11,DW0TY3_k4nd,https://www.instagram.com/jayakumar_udumalaipettai/reel/DW0TY3_k4nd/,unknown,,English,,,,,,,scrapling_instagram_profile,2026-04-13T02:19:24.539110,,False,neutral,0.3784,0.0,
instagram,comment,DW0TY3_k4nd_c12,DW0TY3_k4nd,https://www.instagram.com/jayakumar_udumalaipettai/reel/DW0TY3_k4nd/,unknown,,Help,,,,,,,scrapling_instagram_profile,2026-04-13T02:19:24.539110,,False,negative,0.3877,0.0,
instagram,comment,DW0TY3_k4nd_c13,DW0TY3_k4nd,https://www.instagram.com/jayakumar_udumalaipettai/reel/DW0TY3_k4nd/,unknown,,Meta,,,,,,,scrapling_instagram_profile,2026-04-13T02:19:24.539110,,False,neutral,0.4202,0.0,
instagram,comment,DW0TY3_k4nd_c14,DW0TY3_k4nd,https://www.instagram.com/jayakumar_udumalaipettai/reel/DW0TY3_k4nd/,unknown,,Threads,,,,,,,scrapling_instagram_profile,2026-04-13T02:19:24.539110,,False,neutral,0.4742,0.0,
instagram,comment,DW0TY3_k4nd_c15,DW0TY3_k4nd,https://www.instagram.com/jayakumar_udumalaipettai/reel/DW0TY3_k4nd/,unknown,,Instagram Lite,,,,,,,scrapling_instagram_profile,2026-04-13T02:19:24.539110,,False,neutral,0.485,0.0,
instagram,comment,DW0TY3_k4nd_c16,DW0TY3_k4nd,https://www.instagram.com/jayakumar_udumalaipettai/reel/DW0TY3_k4nd/,unknown,,Jobs,,,,,,,scrapling_instagram_profile,2026-04-13T02:19:24.539110,,False,neutral,0.4222,0.0,
instagram,comment,DW0TY3_k4nd_c17,DW0TY3_k4nd,https://www.instagram.com/jayakumar_udumalaipettai/reel/DW0TY3_k4nd/,unknown,,© 2026 Instagram from Meta,,,,,,,scrapling_instagram_profile,2026-04-13T02:19:24.539110,,False,neutral,0.858,0.0,
instagram,comment,DW0S0PHEw0V_c0,DW0S0PHEw0V,https://www.instagram.com/jayakumar_udumalaipettai/p/DW0S0PHEw0V/,unknown,,Meta Verified,,,,,,,scrapling_instagram_profile,2026-04-13T02:19:27.929886,,False,neutral,0.5443,0.0,
instagram,comment,DW0S0PHEw0V_c1,DW0S0PHEw0V,https://www.instagram.com/jayakumar_udumalaipettai/p/DW0S0PHEw0V/,unknown,,English,,,,,,,scrapling_instagram_profile,2026-04-13T02:19:27.929886,,False,neutral,0.3784,0.0,
instagram,comment,DW0S0PHEw0V_c2,DW0S0PHEw0V,https://www.instagram.com/jayakumar_udumalaipettai/p/DW0S0PHEw0V/,unknown,,Contact Uploading & Non-Users,,,,,,,scrapling_instagram_profile,2026-04-13T02:19:27.929886,,False,neutral,0.9056,0.0,
instagram,comment,DW0S0PHEw0V_c3,DW0S0PHEw0V,https://www.instagram.com/jayakumar_udumalaipettai/p/DW0S0PHEw0V/,unknown,,About,,,,,,,scrapling_instagram_profile,2026-04-13T02:19:27.929886,,False,neutral,0.425,0.0,
instagram,comment,DW0S0PHEw0V_c4,DW0S0PHEw0V,https://www.instagram.com/jayakumar_udumalaipettai/p/DW0S0PHEw0V/,unknown,,Help,,,,,,,scrapling_instagram_profile,2026-04-13T02:19:27.929886,,False,negative,0.3877,0.0,
instagram,comment,DW0S0PHEw0V_c5,DW0S0PHEw0V,https://www.instagram.com/jayakumar_udumalaipettai/p/DW0S0PHEw0V/,unknown,,Blog,,,,,,,scrapling_instagram_profile,2026-04-13T02:19:27.929886,,False,neutral,0.428,0.0,
instagram,comment,DW0S0PHEw0V_c6,DW0S0PHEw0V,https://www.instagram.com/jayakumar_udumalaipettai/p/DW0S0PHEw0V/,unknown,,© 2026 Instagram from Meta,,,,,,,scrapling_instagram_profile,2026-04-13T02:19:27.929886,,False,neutral,0.858,0.0,
instagram,comment,DW0S0PHEw0V_c7,DW0S0PHEw0V,https://www.instagram.com/jayakumar_udumalaipettai/p/DW0S0PHEw0V/,unknown,,Terms,,,,,,,scrapling_instagram_profile,2026-04-13T02:19:27.929886,,False,neutral,0.4318,0.0,
instagram,comment,DW0S0PHEw0V_c8,DW0S0PHEw0V,https://www.instagram.com/jayakumar_udumalaipettai/p/DW0S0PHEw0V/,unknown,,Meta AI,,,,,,,scrapling_instagram_profile,2026-04-13T02:19:27.929886,,False,neutral,0.5725,0.0,
instagram,comment,DW0S0PHEw0V_c9,DW0S0PHEw0V,https://www.instagram.com/jayakumar_udumalaipettai/p/DW0S0PHEw0V/,unknown,,Meta,,,,,,,scrapling_instagram_profile,2026-04-13T02:19:27.929886,,False,neutral,0.4202,0.0,
instagram,comment,DW0S0PHEw0V_c10,DW0S0PHEw0V,https://www.instagram.com/jayakumar_udumalaipettai/p/DW0S0PHEw0V/,unknown,,Privacy,,,,,,,scrapling_instagram_profile,2026-04-13T02:19:27.929886,,False,neutral,0.4321,0.0,
instagram,comment,DW0S0PHEw0V_c11,DW0S0PHEw0V,https://www.instagram.com/jayakumar_udumalaipettai/p/DW0S0PHEw0V/,unknown,,Start the conversation.,,,,,,,scrapling_instagram_profile,2026-04-13T02:19:27.929886,,False,neutral,0.6209,0.0,
instagram,comment,DW0S0PHEw0V_c12,DW0S0PHEw0V,https://www.instagram.com/jayakumar_udumalaipettai/p/DW0S0PHEw0V/,unknown,,Messages,,,,,,,scrapling_instagram_profile,2026-04-13T02:19:27.929886,,False,neutral,0.4,0.0,
instagram,comment,DW0S0PHEw0V_c13,DW0S0PHEw0V,https://www.instagram.com/jayakumar_udumalaipettai/p/DW0S0PHEw0V/,unknown,,Threads,,,,,,,scrapling_instagram_profile,2026-04-13T02:19:27.929886,,False,neutral,0.4742,0.0,
instagram,comment,DW0S0PHEw0V_c14,DW0S0PHEw0V,https://www.instagram.com/jayakumar_udumalaipettai/p/DW0S0PHEw0V/,unknown,,Instagram Lite,,,,,,,scrapling_instagram_profile,2026-04-13T02:19:27.929886,,False,neutral,0.485,0.0,
instagram,comment,DW0S0PHEw0V_c15,DW0S0PHEw0V,https://www.instagram.com/jayakumar_udumalaipettai/p/DW0S0PHEw0V/,unknown,,Jobs,,,,,,,scrapling_instagram_profile,2026-04-13T02:19:27.929886,,False,neutral,0.4222,0.0,
instagram,comment,DW0S0PHEw0V_c16,DW0S0PHEw0V,https://www.instagram.com/jayakumar_udumalaipettai/p/DW0S0PHEw0V/,unknown,,Locations,,,,,,,scrapling_instagram_profile,2026-04-13T02:19:27.929886,,False,neutral,0.4433,0.0,
instagram,comment,DWy-YEeE4Vy_c0,DWy-YEeE4Vy,https://www.instagram.com/jayakumar_udumalaipettai/p/DWy-YEeE4Vy/,unknown,,Meta Verified,,,,,,,scrapling_instagram_profile,2026-04-13T02:19:31.282894,,False,neutral,0.5443,0.0,
instagram,comment,DWy-YEeE4Vy_c1,DWy-YEeE4Vy,https://www.instagram.com/jayakumar_udumalaipettai/p/DWy-YEeE4Vy/,unknown,,English,,,,,,,scrapling_instagram_profile,2026-04-13T02:19:31.282894,,False,neutral,0.3784,0.0,
instagram,comment,DWy-YEeE4Vy_c2,DWy-YEeE4Vy,https://www.instagram.com/jayakumar_udumalaipettai/p/DWy-YEeE4Vy/,unknown,,Contact Uploading & Non-Users,,,,,,,scrapling_instagram_profile,2026-04-13T02:19:31.282894,,False,neutral,0.9056,0.0,
instagram,comment,DWy-YEeE4Vy_c3,DWy-YEeE4Vy,https://www.instagram.com/jayakumar_udumalaipettai/p/DWy-YEeE4Vy/,unknown,,About,,,,,,,scrapling_instagram_profile,2026-04-13T02:19:31.282894,,False,neutral,0.425,0.0,
instagram,comment,DWy-YEeE4Vy_c4,DWy-YEeE4Vy,https://www.instagram.com/jayakumar_udumalaipettai/p/DWy-YEeE4Vy/,unknown,,Help,,,,,,,scrapling_instagram_profile,2026-04-13T02:19:31.282894,,False,negative,0.3877,0.0,
instagram,comment,DWy-YEeE4Vy_c5,DWy-YEeE4Vy,https://www.instagram.com/jayakumar_udumalaipettai/p/DWy-YEeE4Vy/,unknown,,Blog,,,,,,,scrapling_instagram_profile,2026-04-13T02:19:31.282894,,False,neutral,0.428,0.0,
instagram,comment,DWy-YEeE4Vy_c6,DWy-YEeE4Vy,https://www.instagram.com/jayakumar_udumalaipettai/p/DWy-YEeE4Vy/,unknown,,© 2026 Instagram from Meta,,,,,,,scrapling_instagram_profile,2026-04-13T02:19:31.282894,,False,neutral,0.858,0.0,
instagram,comment,DWy-YEeE4Vy_c7,DWy-YEeE4Vy,https://www.instagram.com/jayakumar_udumalaipettai/p/DWy-YEeE4Vy/,unknown,,Terms,,,,,,,scrapling_instagram_profile,2026-04-13T02:19:31.282894,,False,neutral,0.4318,0.0,
instagram,comment,DWy-YEeE4Vy_c8,DWy-YEeE4Vy,https://www.instagram.com/jayakumar_udumalaipettai/p/DWy-YEeE4Vy/,unknown,,Meta AI,,,,,,,scrapling_instagram_profile,2026-04-13T02:19:31.282894,,False,neutral,0.5725,0.0,
instagram,comment,DWy-YEeE4Vy_c9,DWy-YEeE4Vy,https://www.instagram.com/jayakumar_udumalaipettai/p/DWy-YEeE4Vy/,unknown,,Meta,,,,,,,scrapling_instagram_profile,2026-04-13T02:19:31.282894,,False,neutral,0.4202,0.0,
instagram,comment,DWy-YEeE4Vy_c10,DWy-YEeE4Vy,https://www.instagram.com/jayakumar_udumalaipettai/p/DWy-YEeE4Vy/,unknown,,Privacy,,,,,,,scrapling_instagram_profile,2026-04-13T02:19:31.282894,,False,neutral,0.4321,0.0,
instagram,comment,DWy-YEeE4Vy_c11,DWy-YEeE4Vy,https://www.instagram.com/jayakumar_udumalaipettai/p/DWy-YEeE4Vy/,unknown,,Start the conversation.,,,,,,,scrapling_instagram_profile,2026-04-13T02:19:31.282894,,False,neutral,0.6209,0.0,
instagram,comment,DWy-YEeE4Vy_c12,DWy-YEeE4Vy,https://www.instagram.com/jayakumar_udumalaipettai/p/DWy-YEeE4Vy/,unknown,,Messages,,,,,,,scrapling_instagram_profile,2026-04-13T02:19:31.282894,,False,neutral,0.4,0.0,
instagram,comment,DWy-YEeE4Vy_c13,DWy-YEeE4Vy,https://www.instagram.com/jayakumar_udumalaipettai/p/DWy-YEeE4Vy/,unknown,,Threads,,,,,,,scrapling_instagram_profile,2026-04-13T02:19:31.282894,,False,neutral,0.4742,0.0,
instagram,comment,DWy-YEeE4Vy_c14,DWy-YEeE4Vy,https://www.instagram.com/jayakumar_udumalaipettai/p/DWy-YEeE4Vy/,unknown,,Instagram Lite,,,,,,,scrapling_instagram_profile,2026-04-13T02:19:31.282894,,False,neutral,0.485,0.0,
instagram,comment,DWy-YEeE4Vy_c15,DWy-YEeE4Vy,https://www.instagram.com/jayakumar_udumalaipettai/p/DWy-YEeE4Vy/,unknown,,Jobs,,,,,,,scrapling_instagram_profile,2026-04-13T02:19:31.282894,,False,neutral,0.4222,0.0,
instagram,comment,DWy-YEeE4Vy_c16,DWy-YEeE4Vy,https://www.instagram.com/jayakumar_udumalaipettai/p/DWy-YEeE4Vy/,unknown,,Locations,,,,,,,scrapling_instagram_profile,2026-04-13T02:19:31.282894,,False,neutral,0.4433,0.0,
instagram,comment,DWyregDk4yY_c0,DWyregDk4yY,https://www.instagram.com/jayakumar_udumalaipettai/reel/DWyregDk4yY/,unknown,,Meta Verified,,,,,,,scrapling_instagram_profile,2026-04-13T02:19:35.144275,,False,neutral,0.5443,0.0,
instagram,comment,DWyregDk4yY_c1,DWyregDk4yY,https://www.instagram.com/jayakumar_udumalaipettai/reel/DWyregDk4yY/,unknown,,English,,,,,,,scrapling_instagram_profile,2026-04-13T02:19:35.144275,,False,neutral,0.3784,0.0,
instagram,comment,DWyregDk4yY_c2,DWyregDk4yY,https://www.instagram.com/jayakumar_udumalaipettai/reel/DWyregDk4yY/,unknown,,Contact Uploading & Non-Users,,,,,,,scrapling_instagram_profile,2026-04-13T02:19:35.144275,,False,neutral,0.9056,0.0,
instagram,comment,DWyregDk4yY_c3,DWyregDk4yY,https://www.instagram.com/jayakumar_udumalaipettai/reel/DWyregDk4yY/,unknown,,About,,,,,,,scrapling_instagram_profile,2026-04-13T02:19:35.144275,,False,neutral,0.425,0.0,
instagram,comment,DWyregDk4yY_c4,DWyregDk4yY,https://www.instagram.com/jayakumar_udumalaipettai/reel/DWyregDk4yY/,unknown,,Help,,,,,,,scrapling_instagram_profile,2026-04-13T02:19:35.144275,,False,negative,0.3877,0.0,
instagram,comment,DWyregDk4yY_c5,DWyregDk4yY,https://www.instagram.com/jayakumar_udumalaipettai/reel/DWyregDk4yY/,unknown,,Blog,,,,,,,scrapling_instagram_profile,2026-04-13T02:19:35.144275,,False,neutral,0.428,0.0,
instagram,comment,DWyregDk4yY_c6,DWyregDk4yY,https://www.instagram.com/jayakumar_udumalaipettai/reel/DWyregDk4yY/,unknown,,© 2026 Instagram from Meta,,,,,,,scrapling_instagram_profile,2026-04-13T02:19:35.144275,,False,neutral,0.858,0.0,
instagram,comment,DWyregDk4yY_c7,DWyregDk4yY,https://www.instagram.com/jayakumar_udumalaipettai/reel/DWyregDk4yY/,unknown,,Terms,,,,,,,scrapling_instagram_profile,2026-04-13T02:19:35.144275,,False,neutral,0.4318,0.0,
instagram,comment,DWyregDk4yY_c8,DWyregDk4yY,https://www.instagram.com/jayakumar_udumalaipettai/reel/DWyregDk4yY/,unknown,,Meta AI,,,,,,,scrapling_instagram_profile,2026-04-13T02:19:35.144275,,False,neutral,0.5725,0.0,
instagram,comment,DWyregDk4yY_c9,DWyregDk4yY,https://www.instagram.com/jayakumar_udumalaipettai/reel/DWyregDk4yY/,unknown,,Meta,,,,,,,scrapling_instagram_profile,2026-04-13T02:19:35.144275,,False,neutral,0.4202,0.0,
instagram,comment,DWyregDk4yY_c10,DWyregDk4yY,https://www.instagram.com/jayakumar_udumalaipettai/reel/DWyregDk4yY/,unknown,,Privacy,,,,,,,scrapling_instagram_profile,2026-04-13T02:19:35.144275,,False,neutral,0.4321,0.0,
instagram,comment,DWyregDk4yY_c11,DWyregDk4yY,https://www.instagram.com/jayakumar_udumalaipettai/reel/DWyregDk4yY/,unknown,,Start the conversation.,,,,,,,scrapling_instagram_profile,2026-04-13T02:19:35.144275,,False,neutral,0.6209,0.0,
instagram,comment,DWyregDk4yY_c12,DWyregDk4yY,https://www.instagram.com/jayakumar_udumalaipettai/reel/DWyregDk4yY/,unknown,,Messages,,,,,,,scrapling_instagram_profile,2026-04-13T02:19:35.144275,,False,neutral,0.4,0.0,
instagram,comment,DWyregDk4yY_c13,DWyregDk4yY,https://www.instagram.com/jayakumar_udumalaipettai/reel/DWyregDk4yY/,unknown,,Threads,,,,,,,scrapling_instagram_profile,2026-04-13T02:19:35.144275,,False,neutral,0.4742,0.0,
instagram,comment,DWyregDk4yY_c14,DWyregDk4yY,https://www.instagram.com/jayakumar_udumalaipettai/reel/DWyregDk4yY/,unknown,,Instagram Lite,,,,,,,scrapling_instagram_profile,2026-04-13T02:19:35.144275,,False,neutral,0.485,0.0,
instagram,comment,DWyregDk4yY_c15,DWyregDk4yY,https://www.instagram.com/jayakumar_udumalaipettai/reel/DWyregDk4yY/,unknown,,Jobs,,,,,,,scrapling_instagram_profile,2026-04-13T02:19:35.144275,,False,neutral,0.4222,0.0,
instagram,comment,DWyregDk4yY_c16,DWyregDk4yY,https://www.instagram.com/jayakumar_udumalaipettai/reel/DWyregDk4yY/,unknown,,Locations,,,,,,,scrapling_instagram_profile,2026-04-13T02:19:35.144275,,False,neutral,0.4433,0.0,
instagram,comment,DWyXwWoE2so_c0,DWyXwWoE2so,https://www.instagram.com/jayakumar_udumalaipettai/reel/DWyXwWoE2so/,unknown,,Blog,,,,,,,scrapling_instagram_profile,2026-04-13T02:19:38.776639,,False,neutral,0.428,0.0,
instagram,comment,DWyXwWoE2so_c1,DWyXwWoE2so,https://www.instagram.com/jayakumar_udumalaipettai/reel/DWyXwWoE2so/,unknown,,Terms,,,,,,,scrapling_instagram_profile,2026-04-13T02:19:38.776639,,False,neutral,0.4318,0.0,
instagram,comment,DWyXwWoE2so_c2,DWyXwWoE2so,https://www.instagram.com/jayakumar_udumalaipettai/reel/DWyXwWoE2so/,unknown,,Locations,,,,,,,scrapling_instagram_profile,2026-04-13T02:19:38.776639,,False,neutral,0.4433,0.0,
instagram,comment,DWyXwWoE2so_c3,DWyXwWoE2so,https://www.instagram.com/jayakumar_udumalaipettai/reel/DWyXwWoE2so/,unknown,,About,,,,,,,scrapling_instagram_profile,2026-04-13T02:19:38.776639,,False,neutral,0.425,0.0,
instagram,comment,DWyXwWoE2so_c4,DWyXwWoE2so,https://www.instagram.com/jayakumar_udumalaipettai/reel/DWyXwWoE2so/,unknown,,Messages,,,,,,,scrapling_instagram_profile,2026-04-13T02:19:38.776639,,False,neutral,0.4,0.0,
instagram,comment,DWyXwWoE2so_c5,DWyXwWoE2so,https://www.instagram.com/jayakumar_udumalaipettai/reel/DWyXwWoE2so/,unknown,,Contact Uploading & Non-Users,,,,,,,scrapling_instagram_profile,2026-04-13T02:19:38.776639,,False,neutral,0.9056,0.0,
instagram,comment,DWyXwWoE2so_c6,DWyXwWoE2so,https://www.instagram.com/jayakumar_udumalaipettai/reel/DWyXwWoE2so/,unknown,,Meta AI,,,,,,,scrapling_instagram_profile,2026-04-13T02:19:38.776639,,False,neutral,0.5725,0.0,
instagram,comment,DWyXwWoE2so_c7,DWyXwWoE2so,https://www.instagram.com/jayakumar_udumalaipettai/reel/DWyXwWoE2so/,unknown,,Privacy,,,,,,,scrapling_instagram_profile,2026-04-13T02:19:38.776639,,False,neutral,0.4321,0.0,
instagram,comment,DWyXwWoE2so_c8,DWyXwWoE2so,https://www.instagram.com/jayakumar_udumalaipettai/reel/DWyXwWoE2so/,unknown,,Meta Verified,,,,,,,scrapling_instagram_profile,2026-04-13T02:19:38.776639,,False,neutral,0.5443,0.0,
instagram,comment,DWyXwWoE2so_c9,DWyXwWoE2so,https://www.instagram.com/jayakumar_udumalaipettai/reel/DWyXwWoE2so/,unknown,,English,,,,,,,scrapling_instagram_profile,2026-04-13T02:19:38.776639,,False,neutral,0.3784,0.0,
instagram,comment,DWyXwWoE2so_c10,DWyXwWoE2so,https://www.instagram.com/jayakumar_udumalaipettai/reel/DWyXwWoE2so/,unknown,,உதயசூரியன் வெற்றி பெற்றது,,,,,,,scrapling_instagram_profile,2026-04-13T02:19:38.776639,,False,positive,0.4893,0.0,
instagram,comment,DWyXwWoE2so_c11,DWyXwWoE2so,https://www.instagram.com/jayakumar_udumalaipettai/reel/DWyXwWoE2so/,unknown,,Help,,,,,,,scrapling_instagram_profile,2026-04-13T02:19:38.776639,,False,negative,0.3877,0.0,
instagram,comment,DWyXwWoE2so_c12,DWyXwWoE2so,https://www.instagram.com/jayakumar_udumalaipettai/reel/DWyXwWoE2so/,unknown,,🖤 ❤️,,,,,,,scrapling_instagram_profile,2026-04-13T02:19:38.776639,,False,neutral,0.3903,0.0,
instagram,comment,DWyXwWoE2so_c13,DWyXwWoE2so,https://www.instagram.com/jayakumar_udumalaipettai/reel/DWyXwWoE2so/,unknown,,Meta,,,,,,,scrapling_instagram_profile,2026-04-13T02:19:38.776639,,False,neutral,0.4202,0.0,
instagram,comment,DWyXwWoE2so_c14,DWyXwWoE2so,https://www.instagram.com/jayakumar_udumalaipettai/reel/DWyXwWoE2so/,unknown,,Threads,,,,,,,scrapling_instagram_profile,2026-04-13T02:19:38.776639,,False,neutral,0.4742,0.0,
instagram,comment,DWyXwWoE2so_c15,DWyXwWoE2so,https://www.instagram.com/jayakumar_udumalaipettai/reel/DWyXwWoE2so/,unknown,,Instagram Lite,,,,,,,scrapling_instagram_profile,2026-04-13T02:19:38.776639,,False,neutral,0.485,0.0,
instagram,comment,DWyXwWoE2so_c16,DWyXwWoE2so,https://www.instagram.com/jayakumar_udumalaipettai/reel/DWyXwWoE2so/,unknown,,Jobs,,,,,,,scrapling_instagram_profile,2026-04-13T02:19:38.776639,,False,neutral,0.4222,0.0,
instagram,comment,DWyXwWoE2so_c17,DWyXwWoE2so,https://www.instagram.com/jayakumar_udumalaipettai/reel/DWyXwWoE2so/,unknown,,© 2026 Instagram from Meta,,,,,,,scrapling_instagram_profile,2026-04-13T02:19:38.776639,,False,neutral,0.858,0.0,
instagram,comment,DWyP9XME7Qz_c0,DWyP9XME7Qz,https://www.instagram.com/jayakumar_udumalaipettai/p/DWyP9XME7Qz/,unknown,,Meta Verified,,,,,,,scrapling_instagram_profile,2026-04-13T02:19:42.208729,,False,neutral,0.5443,0.0,
instagram,comment,DWyP9XME7Qz_c1,DWyP9XME7Qz,https://www.instagram.com/jayakumar_udumalaipettai/p/DWyP9XME7Qz/,unknown,,English,,,,,,,scrapling_instagram_profile,2026-04-13T02:19:42.208729,,False,neutral,0.3784,0.0,
instagram,comment,DWyP9XME7Qz_c2,DWyP9XME7Qz,https://www.instagram.com/jayakumar_udumalaipettai/p/DWyP9XME7Qz/,unknown,,Contact Uploading & Non-Users,,,,,,,scrapling_instagram_profile,2026-04-13T02:19:42.208729,,False,neutral,0.9056,0.0,
instagram,comment,DWyP9XME7Qz_c3,DWyP9XME7Qz,https://www.instagram.com/jayakumar_udumalaipettai/p/DWyP9XME7Qz/,unknown,,About,,,,,,,scrapling_instagram_profile,2026-04-13T02:19:42.208729,,False,neutral,0.425,0.0,
instagram,comment,DWyP9XME7Qz_c4,DWyP9XME7Qz,https://www.instagram.com/jayakumar_udumalaipettai/p/DWyP9XME7Qz/,unknown,,Help,,,,,,,scrapling_instagram_profile,2026-04-13T02:19:42.208729,,False,negative,0.3877,0.0,
instagram,comment,DWyP9XME7Qz_c5,DWyP9XME7Qz,https://www.instagram.com/jayakumar_udumalaipettai/p/DWyP9XME7Qz/,unknown,,Blog,,,,,,,scrapling_instagram_profile,2026-04-13T02:19:42.208729,,False,neutral,0.428,0.0,
instagram,comment,DWyP9XME7Qz_c6,DWyP9XME7Qz,https://www.instagram.com/jayakumar_udumalaipettai/p/DWyP9XME7Qz/,unknown,,© 2026 Instagram from Meta,,,,,,,scrapling_instagram_profile,2026-04-13T02:19:42.208729,,False,neutral,0.858,0.0,
instagram,comment,DWyP9XME7Qz_c7,DWyP9XME7Qz,https://www.instagram.com/jayakumar_udumalaipettai/p/DWyP9XME7Qz/,unknown,,Terms,,,,,,,scrapling_instagram_profile,2026-04-13T02:19:42.208729,,False,neutral,0.4318,0.0,
instagram,comment,DWyP9XME7Qz_c8,DWyP9XME7Qz,https://www.instagram.com/jayakumar_udumalaipettai/p/DWyP9XME7Qz/,unknown,,Meta AI,,,,,,,scrapling_instagram_profile,2026-04-13T02:19:42.208729,,False,neutral,0.5725,0.0,
instagram,comment,DWyP9XME7Qz_c9,DWyP9XME7Qz,https://www.instagram.com/jayakumar_udumalaipettai/p/DWyP9XME7Qz/,unknown,,Meta,,,,,,,scrapling_instagram_profile,2026-04-13T02:19:42.208729,,False,neutral,0.4202,0.0,
instagram,comment,DWyP9XME7Qz_c10,DWyP9XME7Qz,https://www.instagram.com/jayakumar_udumalaipettai/p/DWyP9XME7Qz/,unknown,,Privacy,,,,,,,scrapling_instagram_profile,2026-04-13T02:19:42.208729,,False,neutral,0.4321,0.0,
instagram,comment,DWyP9XME7Qz_c11,DWyP9XME7Qz,https://www.instagram.com/jayakumar_udumalaipettai/p/DWyP9XME7Qz/,unknown,,Start the conversation.,,,,,,,scrapling_instagram_profile,2026-04-13T02:19:42.208729,,False,neutral,0.6209,0.0,
instagram,comment,DWyP9XME7Qz_c12,DWyP9XME7Qz,https://www.instagram.com/jayakumar_udumalaipettai/p/DWyP9XME7Qz/,unknown,,Messages,,,,,,,scrapling_instagram_profile,2026-04-13T02:19:42.208729,,False,neutral,0.4,0.0,
instagram,comment,DWyP9XME7Qz_c13,DWyP9XME7Qz,https://www.instagram.com/jayakumar_udumalaipettai/p/DWyP9XME7Qz/,unknown,,Threads,,,,,,,scrapling_instagram_profile,2026-04-13T02:19:42.208729,,False,neutral,0.4742,0.0,
instagram,comment,DWyP9XME7Qz_c14,DWyP9XME7Qz,https://www.instagram.com/jayakumar_udumalaipettai/p/DWyP9XME7Qz/,unknown,,Instagram Lite,,,,,,,scrapling_instagram_profile,2026-04-13T02:19:42.208729,,False,neutral,0.485,0.0,
instagram,comment,DWyP9XME7Qz_c15,DWyP9XME7Qz,https://www.instagram.com/jayakumar_udumalaipettai/p/DWyP9XME7Qz/,unknown,,Jobs,,,,,,,scrapling_instagram_profile,2026-04-13T02:19:42.208729,,False,neutral,0.4222,0.0,
instagram,comment,DWyP9XME7Qz_c16,DWyP9XME7Qz,https://www.instagram.com/jayakumar_udumalaipettai/p/DWyP9XME7Qz/,unknown,,Locations,,,,,,,scrapling_instagram_profile,2026-04-13T02:19:42.208729,,False,neutral,0.4433,0.0,
instagram,comment,DWyMskbk1kj_c0,DWyMskbk1kj,https://www.instagram.com/jayakumar_udumalaipettai/p/DWyMskbk1kj/,unknown,,Meta Verified,,,,,,,scrapling_instagram_profile,2026-04-13T02:19:45.572533,,False,neutral,0.5443,0.0,
instagram,comment,DWyMskbk1kj_c1,DWyMskbk1kj,https://www.instagram.com/jayakumar_udumalaipettai/p/DWyMskbk1kj/,unknown,,English,,,,,,,scrapling_instagram_profile,2026-04-13T02:19:45.572533,,False,neutral,0.3784,0.0,
instagram,comment,DWyMskbk1kj_c2,DWyMskbk1kj,https://www.instagram.com/jayakumar_udumalaipettai/p/DWyMskbk1kj/,unknown,,Contact Uploading & Non-Users,,,,,,,scrapling_instagram_profile,2026-04-13T02:19:45.572533,,False,neutral,0.9056,0.0,
instagram,comment,DWyMskbk1kj_c3,DWyMskbk1kj,https://www.instagram.com/jayakumar_udumalaipettai/p/DWyMskbk1kj/,unknown,,About,,,,,,,scrapling_instagram_profile,2026-04-13T02:19:45.572533,,False,neutral,0.425,0.0,
instagram,comment,DWyMskbk1kj_c4,DWyMskbk1kj,https://www.instagram.com/jayakumar_udumalaipettai/p/DWyMskbk1kj/,unknown,,Help,,,,,,,scrapling_instagram_profile,2026-04-13T02:19:45.572533,,False,negative,0.3877,0.0,
instagram,comment,DWyMskbk1kj_c5,DWyMskbk1kj,https://www.instagram.com/jayakumar_udumalaipettai/p/DWyMskbk1kj/,unknown,,Blog,,,,,,,scrapling_instagram_profile,2026-04-13T02:19:45.572533,,False,neutral,0.428,0.0,
instagram,comment,DWyMskbk1kj_c6,DWyMskbk1kj,https://www.instagram.com/jayakumar_udumalaipettai/p/DWyMskbk1kj/,unknown,,© 2026 Instagram from Meta,,,,,,,scrapling_instagram_profile,2026-04-13T02:19:45.572533,,False,neutral,0.858,0.0,
instagram,comment,DWyMskbk1kj_c7,DWyMskbk1kj,https://www.instagram.com/jayakumar_udumalaipettai/p/DWyMskbk1kj/,unknown,,Terms,,,,,,,scrapling_instagram_profile,2026-04-13T02:19:45.572533,,False,neutral,0.4318,0.0,
instagram,comment,DWyMskbk1kj_c8,DWyMskbk1kj,https://www.instagram.com/jayakumar_udumalaipettai/p/DWyMskbk1kj/,unknown,,Meta AI,,,,,,,scrapling_instagram_profile,2026-04-13T02:19:45.572533,,False,neutral,0.5725,0.0,
instagram,comment,DWyMskbk1kj_c9,DWyMskbk1kj,https://www.instagram.com/jayakumar_udumalaipettai/p/DWyMskbk1kj/,unknown,,Meta,,,,,,,scrapling_instagram_profile,2026-04-13T02:19:45.572533,,False,neutral,0.4202,0.0,
instagram,comment,DWyMskbk1kj_c10,DWyMskbk1kj,https://www.instagram.com/jayakumar_udumalaipettai/p/DWyMskbk1kj/,unknown,,Privacy,,,,,,,scrapling_instagram_profile,2026-04-13T02:19:45.572533,,False,neutral,0.4321,0.0,
instagram,comment,DWyMskbk1kj_c11,DWyMskbk1kj,https://www.instagram.com/jayakumar_udumalaipettai/p/DWyMskbk1kj/,unknown,,Start the conversation.,,,,,,,scrapling_instagram_profile,2026-04-13T02:19:45.572533,,False,neutral,0.6209,0.0,
instagram,comment,DWyMskbk1kj_c12,DWyMskbk1kj,https://www.instagram.com/jayakumar_udumalaipettai/p/DWyMskbk1kj/,unknown,,Messages,,,,,,,scrapling_instagram_profile,2026-04-13T02:19:45.572533,,False,neutral,0.4,0.0,
instagram,comment,DWyMskbk1kj_c13,DWyMskbk1kj,https://www.instagram.com/jayakumar_udumalaipettai/p/DWyMskbk1kj/,unknown,,Threads,,,,,,,scrapling_instagram_profile,2026-04-13T02:19:45.572533,,False,neutral,0.4742,0.0,
instagram,comment,DWyMskbk1kj_c14,DWyMskbk1kj,https://www.instagram.com/jayakumar_udumalaipettai/p/DWyMskbk1kj/,unknown,,Instagram Lite,,,,,,,scrapling_instagram_profile,2026-04-13T02:19:45.572533,,False,neutral,0.485,0.0,
instagram,comment,DWyMskbk1kj_c15,DWyMskbk1kj,https://www.instagram.com/jayakumar_udumalaipettai/p/DWyMskbk1kj/,unknown,,Jobs,,,,,,,scrapling_instagram_profile,2026-04-13T02:19:45.572533,,False,neutral,0.4222,0.0,
instagram,comment,DWyMskbk1kj_c16,DWyMskbk1kj,https://www.instagram.com/jayakumar_udumalaipettai/p/DWyMskbk1kj/,unknown,,Locations,,,,,,,scrapling_instagram_profile,2026-04-13T02:19:45.572533,,False,neutral,0.4433,0.0,
instagram,comment,DWyK-Rbkwo-_c0,DWyK-Rbkwo-,https://www.instagram.com/jayakumar_udumalaipettai/reel/DWyK-Rbkwo-/,unknown,,Meta Verified,,,,,,,scrapling_instagram_profile,2026-04-13T02:19:49.002225,,False,neutral,0.5443,0.0,
instagram,comment,DWyK-Rbkwo-_c1,DWyK-Rbkwo-,https://www.instagram.com/jayakumar_udumalaipettai/reel/DWyK-Rbkwo-/,unknown,,English,,,,,,,scrapling_instagram_profile,2026-04-13T02:19:49.002225,,False,neutral,0.3784,0.0,
instagram,comment,DWyK-Rbkwo-_c2,DWyK-Rbkwo-,https://www.instagram.com/jayakumar_udumalaipettai/reel/DWyK-Rbkwo-/,unknown,,Contact Uploading & Non-Users,,,,,,,scrapling_instagram_profile,2026-04-13T02:19:49.002225,,False,neutral,0.9056,0.0,
instagram,comment,DWyK-Rbkwo-_c3,DWyK-Rbkwo-,https://www.instagram.com/jayakumar_udumalaipettai/reel/DWyK-Rbkwo-/,unknown,,About,,,,,,,scrapling_instagram_profile,2026-04-13T02:19:49.002225,,False,neutral,0.425,0.0,
instagram,comment,DWyK-Rbkwo-_c4,DWyK-Rbkwo-,https://www.instagram.com/jayakumar_udumalaipettai/reel/DWyK-Rbkwo-/,unknown,,Help,,,,,,,scrapling_instagram_profile,2026-04-13T02:19:49.002225,,False,negative,0.3877,0.0,
instagram,comment,DWyK-Rbkwo-_c5,DWyK-Rbkwo-,https://www.instagram.com/jayakumar_udumalaipettai/reel/DWyK-Rbkwo-/,unknown,,Blog,,,,,,,scrapling_instagram_profile,2026-04-13T02:19:49.002225,,False,neutral,0.428,0.0,
instagram,comment,DWyK-Rbkwo-_c6,DWyK-Rbkwo-,https://www.instagram.com/jayakumar_udumalaipettai/reel/DWyK-Rbkwo-/,unknown,,© 2026 Instagram from Meta,,,,,,,scrapling_instagram_profile,2026-04-13T02:19:49.002225,,False,neutral,0.858,0.0,
instagram,comment,DWyK-Rbkwo-_c7,DWyK-Rbkwo-,https://www.instagram.com/jayakumar_udumalaipettai/reel/DWyK-Rbkwo-/,unknown,,Terms,,,,,,,scrapling_instagram_profile,2026-04-13T02:19:49.002225,,False,neutral,0.4318,0.0,
instagram,comment,DWyK-Rbkwo-_c8,DWyK-Rbkwo-,https://www.instagram.com/jayakumar_udumalaipettai/reel/DWyK-Rbkwo-/,unknown,,Meta AI,,,,,,,scrapling_instagram_profile,2026-04-13T02:19:49.002225,,False,neutral,0.5725,0.0,
instagram,comment,DWyK-Rbkwo-_c9,DWyK-Rbkwo-,https://www.instagram.com/jayakumar_udumalaipettai/reel/DWyK-Rbkwo-/,unknown,,Meta,,,,,,,scrapling_instagram_profile,2026-04-13T02:19:49.002225,,False,neutral,0.4202,0.0,
instagram,comment,DWyK-Rbkwo-_c10,DWyK-Rbkwo-,https://www.instagram.com/jayakumar_udumalaipettai/reel/DWyK-Rbkwo-/,unknown,,Privacy,,,,,,,scrapling_instagram_profile,2026-04-13T02:19:49.002225,,False,neutral,0.4321,0.0,
instagram,comment,DWyK-Rbkwo-_c11,DWyK-Rbkwo-,https://www.instagram.com/jayakumar_udumalaipettai/reel/DWyK-Rbkwo-/,unknown,,Start the conversation.,,,,,,,scrapling_instagram_profile,2026-04-13T02:19:49.002225,,False,neutral,0.6209,0.0,
instagram,comment,DWyK-Rbkwo-_c12,DWyK-Rbkwo-,https://www.instagram.com/jayakumar_udumalaipettai/reel/DWyK-Rbkwo-/,unknown,,Messages,,,,,,,scrapling_instagram_profile,2026-04-13T02:19:49.002225,,False,neutral,0.4,0.0,
instagram,comment,DWyK-Rbkwo-_c13,DWyK-Rbkwo-,https://www.instagram.com/jayakumar_udumalaipettai/reel/DWyK-Rbkwo-/,unknown,,Threads,,,,,,,scrapling_instagram_profile,2026-04-13T02:19:49.002225,,False,neutral,0.4742,0.0,
instagram,comment,DWyK-Rbkwo-_c14,DWyK-Rbkwo-,https://www.instagram.com/jayakumar_udumalaipettai/reel/DWyK-Rbkwo-/,unknown,,Instagram Lite,,,,,,,scrapling_instagram_profile,2026-04-13T02:19:49.002225,,False,neutral,0.485,0.0,
instagram,comment,DWyK-Rbkwo-_c15,DWyK-Rbkwo-,https://www.instagram.com/jayakumar_udumalaipettai/reel/DWyK-Rbkwo-/,unknown,,Jobs,,,,,,,scrapling_instagram_profile,2026-04-13T02:19:49.002225,,False,neutral,0.4222,0.0,
instagram,comment,DWyK-Rbkwo-_c16,DWyK-Rbkwo-,https://www.instagram.com/jayakumar_udumalaipettai/reel/DWyK-Rbkwo-/,unknown,,Locations,,,,,,,scrapling_instagram_profile,2026-04-13T02:19:49.002225,,False,neutral,0.4433,0.0,
instagram,comment,DWwPvBpk9V3_c0,DWwPvBpk9V3,https://www.instagram.com/jayakumar_udumalaipettai/reel/DWwPvBpk9V3/,unknown,,Blog,,,,,,,scrapling_instagram_profile,2026-04-13T02:19:52.753422,,False,neutral,0.428,0.0,
instagram,comment,DWwPvBpk9V3_c1,DWwPvBpk9V3,https://www.instagram.com/jayakumar_udumalaipettai/reel/DWwPvBpk9V3/,unknown,,Terms,,,,,,,scrapling_instagram_profile,2026-04-13T02:19:52.753422,,False,neutral,0.4318,0.0,
instagram,comment,DWwPvBpk9V3_c2,DWwPvBpk9V3,https://www.instagram.com/jayakumar_udumalaipettai/reel/DWwPvBpk9V3/,unknown,,Locations,,,,,,,scrapling_instagram_profile,2026-04-13T02:19:52.753422,,False,neutral,0.4433,0.0,
instagram,comment,DWwPvBpk9V3_c3,DWwPvBpk9V3,https://www.instagram.com/jayakumar_udumalaipettai/reel/DWwPvBpk9V3/,unknown,,About,,,,,,,scrapling_instagram_profile,2026-04-13T02:19:52.753422,,False,neutral,0.425,0.0,
instagram,comment,DWwPvBpk9V3_c4,DWwPvBpk9V3,https://www.instagram.com/jayakumar_udumalaipettai/reel/DWwPvBpk9V3/,unknown,,mubarakbai96,,,,,,,scrapling_instagram_profile,2026-04-13T02:19:52.753422,,False,positive,0.4144,0.0,
instagram,comment,DWwPvBpk9V3_c5,DWwPvBpk9V3,https://www.instagram.com/jayakumar_udumalaipettai/reel/DWwPvBpk9V3/,unknown,,Messages,,,,,,,scrapling_instagram_profile,2026-04-13T02:19:52.753422,,False,neutral,0.4,0.0,
instagram,comment,DWwPvBpk9V3_c6,DWwPvBpk9V3,https://www.instagram.com/jayakumar_udumalaipettai/reel/DWwPvBpk9V3/,unknown,,❤️❤️🔥🔥🔥,,,,,,,scrapling_instagram_profile,2026-04-13T02:19:52.753422,,False,positive,0.6787,0.0,
instagram,comment,DWwPvBpk9V3_c7,DWwPvBpk9V3,https://www.instagram.com/jayakumar_udumalaipettai/reel/DWwPvBpk9V3/,unknown,,Contact Uploading & Non-Users,,,,,,,scrapling_instagram_profile,2026-04-13T02:19:52.753422,,False,neutral,0.9056,0.0,
instagram,comment,DWwPvBpk9V3_c8,DWwPvBpk9V3,https://www.instagram.com/jayakumar_udumalaipettai/reel/DWwPvBpk9V3/,unknown,,Meta AI,,,,,,,scrapling_instagram_profile,2026-04-13T02:19:52.753422,,False,neutral,0.5725,0.0,
instagram,comment,DWwPvBpk9V3_c9,DWwPvBpk9V3,https://www.instagram.com/jayakumar_udumalaipettai/reel/DWwPvBpk9V3/,unknown,,Privacy,,,,,,,scrapling_instagram_profile,2026-04-13T02:19:52.753422,,False,neutral,0.4321,0.0,
instagram,comment,DWwPvBpk9V3_c10,DWwPvBpk9V3,https://www.instagram.com/jayakumar_udumalaipettai/reel/DWwPvBpk9V3/,unknown,,Meta Verified,,,,,,,scrapling_instagram_profile,2026-04-13T02:19:52.753422,,False,neutral,0.5443,0.0,
instagram,comment,DWwPvBpk9V3_c11,DWwPvBpk9V3,https://www.instagram.com/jayakumar_udumalaipettai/reel/DWwPvBpk9V3/,unknown,,English,,,,,,,scrapling_instagram_profile,2026-04-13T02:19:52.753422,,False,neutral,0.3784,0.0,
instagram,comment,DWwPvBpk9V3_c12,DWwPvBpk9V3,https://www.instagram.com/jayakumar_udumalaipettai/reel/DWwPvBpk9V3/,unknown,,Help,,,,,,,scrapling_instagram_profile,2026-04-13T02:19:52.753422,,False,negative,0.3877,0.0,
instagram,comment,DWwPvBpk9V3_c13,DWwPvBpk9V3,https://www.instagram.com/jayakumar_udumalaipettai/reel/DWwPvBpk9V3/,unknown,,🔥🔥🔥🔥🔥😍😍😍,,,,,,,scrapling_instagram_profile,2026-04-13T02:19:52.753422,,False,positive,0.5098,0.0,
instagram,comment,DWwPvBpk9V3_c14,DWwPvBpk9V3,https://www.instagram.com/jayakumar_udumalaipettai/reel/DWwPvBpk9V3/,unknown,,Meta,,,,,,,scrapling_instagram_profile,2026-04-13T02:19:52.753422,,False,neutral,0.4202,0.0,
instagram,comment,DWwPvBpk9V3_c15,DWwPvBpk9V3,https://www.instagram.com/jayakumar_udumalaipettai/reel/DWwPvBpk9V3/,unknown,,Threads,,,,,,,scrapling_instagram_profile,2026-04-13T02:19:52.753422,,False,neutral,0.4742,0.0,
instagram,comment,DWwPvBpk9V3_c16,DWwPvBpk9V3,https://www.instagram.com/jayakumar_udumalaipettai/reel/DWwPvBpk9V3/,unknown,,Instagram Lite,,,,,,,scrapling_instagram_profile,2026-04-13T02:19:52.753422,,False,neutral,0.485,0.0,
instagram,comment,DWwPvBpk9V3_c17,DWwPvBpk9V3,https://www.instagram.com/jayakumar_udumalaipettai/reel/DWwPvBpk9V3/,unknown,,Jobs,,,,,,,scrapling_instagram_profile,2026-04-13T02:19:52.753422,,False,neutral,0.4222,0.0,
instagram,comment,DWwPvBpk9V3_c18,DWwPvBpk9V3,https://www.instagram.com/jayakumar_udumalaipettai/reel/DWwPvBpk9V3/,unknown,,© 2026 Instagram from Meta,,,,,,,scrapling_instagram_profile,2026-04-13T02:19:52.753422,,False,neutral,0.858,0.0,
instagram,comment,DWwG0DJE0ce_c0,DWwG0DJE0ce,https://www.instagram.com/jayakumar_udumalaipettai/reel/DWwG0DJE0ce/,unknown,,Blog,,,,,,,scrapling_instagram_profile,2026-04-13T02:19:56.436218,,False,neutral,0.428,0.0,
instagram,comment,DWwG0DJE0ce_c1,DWwG0DJE0ce,https://www.instagram.com/jayakumar_udumalaipettai/reel/DWwG0DJE0ce/,unknown,,Terms,,,,,,,scrapling_instagram_profile,2026-04-13T02:19:56.436218,,False,neutral,0.4318,0.0,
instagram,comment,DWwG0DJE0ce_c2,DWwG0DJE0ce,https://www.instagram.com/jayakumar_udumalaipettai/reel/DWwG0DJE0ce/,unknown,,Locations,,,,,,,scrapling_instagram_profile,2026-04-13T02:19:56.436218,,False,neutral,0.4433,0.0,
instagram,comment,DWwG0DJE0ce_c3,DWwG0DJE0ce,https://www.instagram.com/jayakumar_udumalaipettai/reel/DWwG0DJE0ce/,unknown,,About,,,,,,,scrapling_instagram_profile,2026-04-13T02:19:56.436218,,False,neutral,0.425,0.0,
instagram,comment,DWwG0DJE0ce_c4,DWwG0DJE0ce,https://www.instagram.com/jayakumar_udumalaipettai/reel/DWwG0DJE0ce/,unknown,,Messages,,,,,,,scrapling_instagram_profile,2026-04-13T02:19:56.436218,,False,neutral,0.4,0.0,
instagram,comment,DWwG0DJE0ce_c5,DWwG0DJE0ce,https://www.instagram.com/jayakumar_udumalaipettai/reel/DWwG0DJE0ce/,unknown,,👏👏👏👏👏🙌🙌🙌❤️❤️❤️❤️❤️,,,,,,,scrapling_instagram_profile,2026-04-13T02:19:56.436218,,False,positive,0.5059,0.0,
instagram,comment,DWwG0DJE0ce_c6,DWwG0DJE0ce,https://www.instagram.com/jayakumar_udumalaipettai/reel/DWwG0DJE0ce/,unknown,,Contact Uploading & Non-Users,,,,,,,scrapling_instagram_profile,2026-04-13T02:19:56.436218,,False,neutral,0.9056,0.0,
instagram,comment,DWwG0DJE0ce_c7,DWwG0DJE0ce,https://www.instagram.com/jayakumar_udumalaipettai/reel/DWwG0DJE0ce/,unknown,,iraiva9047,,,,,,,scrapling_instagram_profile,2026-04-13T02:19:56.436218,,False,neutral,0.4042,0.0,
instagram,comment,DWwG0DJE0ce_c8,DWwG0DJE0ce,https://www.instagram.com/jayakumar_udumalaipettai/reel/DWwG0DJE0ce/,unknown,,Meta AI,,,,,,,scrapling_instagram_profile,2026-04-13T02:19:56.436218,,False,neutral,0.5725,0.0,
instagram,comment,DWwG0DJE0ce_c9,DWwG0DJE0ce,https://www.instagram.com/jayakumar_udumalaipettai/reel/DWwG0DJE0ce/,unknown,,Privacy,,,,,,,scrapling_instagram_profile,2026-04-13T02:19:56.436218,,False,neutral,0.4321,0.0,
instagram,comment,DWwG0DJE0ce_c10,DWwG0DJE0ce,https://www.instagram.com/jayakumar_udumalaipettai/reel/DWwG0DJE0ce/,unknown,,Meta Verified,,,,,,,scrapling_instagram_profile,2026-04-13T02:19:56.436218,,False,neutral,0.5443,0.0,
instagram,comment,DWwG0DJE0ce_c11,DWwG0DJE0ce,https://www.instagram.com/jayakumar_udumalaipettai/reel/DWwG0DJE0ce/,unknown,,English,,,,,,,scrapling_instagram_profile,2026-04-13T02:19:56.436218,,False,neutral,0.3784,0.0,
instagram,comment,DWwG0DJE0ce_c12,DWwG0DJE0ce,https://www.instagram.com/jayakumar_udumalaipettai/reel/DWwG0DJE0ce/,unknown,,Help,,,,,,,scrapling_instagram_profile,2026-04-13T02:19:56.436218,,False,negative,0.3877,0.0,
instagram,comment,DWwG0DJE0ce_c13,DWwG0DJE0ce,https://www.instagram.com/jayakumar_udumalaipettai/reel/DWwG0DJE0ce/,unknown,,Meta,,,,,,,scrapling_instagram_profile,2026-04-13T02:19:56.436218,,False,neutral,0.4202,0.0,
instagram,comment,DWwG0DJE0ce_c14,DWwG0DJE0ce,https://www.instagram.com/jayakumar_udumalaipettai/reel/DWwG0DJE0ce/,unknown,,Threads,,,,,,,scrapling_instagram_profile,2026-04-13T02:19:56.436218,,False,neutral,0.4742,0.0,
instagram,comment,DWwG0DJE0ce_c15,DWwG0DJE0ce,https://www.instagram.com/jayakumar_udumalaipettai/reel/DWwG0DJE0ce/,unknown,,Instagram Lite,,,,,,,scrapling_instagram_profile,2026-04-13T02:19:56.436218,,False,neutral,0.485,0.0,
instagram,comment,DWwG0DJE0ce_c16,DWwG0DJE0ce,https://www.instagram.com/jayakumar_udumalaipettai/reel/DWwG0DJE0ce/,unknown,,Jobs,,,,,,,scrapling_instagram_profile,2026-04-13T02:19:56.436218,,False,neutral,0.4222,0.0,
instagram,comment,DWwG0DJE0ce_c17,DWwG0DJE0ce,https://www.instagram.com/jayakumar_udumalaipettai/reel/DWwG0DJE0ce/,unknown,,© 2026 Instagram from Meta,,,,,,,scrapling_instagram_profile,2026-04-13T02:19:56.436218,,False,neutral,0.858,0.0,
instagram,comment,DWv4w7Vk7IS_c0,DWv4w7Vk7IS,https://www.instagram.com/jayakumar_udumalaipettai/p/DWv4w7Vk7IS/,unknown,,Meta Verified,,,,,,,scrapling_instagram_profile,2026-04-13T02:19:59.845237,,False,neutral,0.5443,0.0,
instagram,comment,DWv4w7Vk7IS_c1,DWv4w7Vk7IS,https://www.instagram.com/jayakumar_udumalaipettai/p/DWv4w7Vk7IS/,unknown,,English,,,,,,,scrapling_instagram_profile,2026-04-13T02:19:59.845237,,False,neutral,0.3784,0.0,
instagram,comment,DWv4w7Vk7IS_c2,DWv4w7Vk7IS,https://www.instagram.com/jayakumar_udumalaipettai/p/DWv4w7Vk7IS/,unknown,,Contact Uploading & Non-Users,,,,,,,scrapling_instagram_profile,2026-04-13T02:19:59.845237,,False,neutral,0.9056,0.0,
instagram,comment,DWv4w7Vk7IS_c3,DWv4w7Vk7IS,https://www.instagram.com/jayakumar_udumalaipettai/p/DWv4w7Vk7IS/,unknown,,About,,,,,,,scrapling_instagram_profile,2026-04-13T02:19:59.845237,,False,neutral,0.425,0.0,
instagram,comment,DWv4w7Vk7IS_c4,DWv4w7Vk7IS,https://www.instagram.com/jayakumar_udumalaipettai/p/DWv4w7Vk7IS/,unknown,,Help,,,,,,,scrapling_instagram_profile,2026-04-13T02:19:59.845237,,False,negative,0.3877,0.0,
instagram,comment,DWv4w7Vk7IS_c5,DWv4w7Vk7IS,https://www.instagram.com/jayakumar_udumalaipettai/p/DWv4w7Vk7IS/,unknown,,Blog,,,,,,,scrapling_instagram_profile,2026-04-13T02:19:59.845237,,False,neutral,0.428,0.0,
instagram,comment,DWv4w7Vk7IS_c6,DWv4w7Vk7IS,https://www.instagram.com/jayakumar_udumalaipettai/p/DWv4w7Vk7IS/,unknown,,© 2026 Instagram from Meta,,,,,,,scrapling_instagram_profile,2026-04-13T02:19:59.845237,,False,neutral,0.858,0.0,
instagram,comment,DWv4w7Vk7IS_c7,DWv4w7Vk7IS,https://www.instagram.com/jayakumar_udumalaipettai/p/DWv4w7Vk7IS/,unknown,,Terms,,,,,,,scrapling_instagram_profile,2026-04-13T02:19:59.845237,,False,neutral,0.4318,0.0,
instagram,comment,DWv4w7Vk7IS_c8,DWv4w7Vk7IS,https://www.instagram.com/jayakumar_udumalaipettai/p/DWv4w7Vk7IS/,unknown,,Meta AI,,,,,,,scrapling_instagram_profile,2026-04-13T02:19:59.845237,,False,neutral,0.5725,0.0,
instagram,comment,DWv4w7Vk7IS_c9,DWv4w7Vk7IS,https://www.instagram.com/jayakumar_udumalaipettai/p/DWv4w7Vk7IS/,unknown,,Meta,,,,,,,scrapling_instagram_profile,2026-04-13T02:19:59.845237,,False,neutral,0.4202,0.0,
instagram,comment,DWv4w7Vk7IS_c10,DWv4w7Vk7IS,https://www.instagram.com/jayakumar_udumalaipettai/p/DWv4w7Vk7IS/,unknown,,Privacy,,,,,,,scrapling_instagram_profile,2026-04-13T02:19:59.845237,,False,neutral,0.4321,0.0,
instagram,comment,DWv4w7Vk7IS_c11,DWv4w7Vk7IS,https://www.instagram.com/jayakumar_udumalaipettai/p/DWv4w7Vk7IS/,unknown,,Start the conversation.,,,,,,,scrapling_instagram_profile,2026-04-13T02:19:59.845237,,False,neutral,0.6209,0.0,
instagram,comment,DWv4w7Vk7IS_c12,DWv4w7Vk7IS,https://www.instagram.com/jayakumar_udumalaipettai/p/DWv4w7Vk7IS/,unknown,,Messages,,,,,,,scrapling_instagram_profile,2026-04-13T02:19:59.845237,,False,neutral,0.4,0.0,
instagram,comment,DWv4w7Vk7IS_c13,DWv4w7Vk7IS,https://www.instagram.com/jayakumar_udumalaipettai/p/DWv4w7Vk7IS/,unknown,,Threads,,,,,,,scrapling_instagram_profile,2026-04-13T02:19:59.845237,,False,neutral,0.4742,0.0,
instagram,comment,DWv4w7Vk7IS_c14,DWv4w7Vk7IS,https://www.instagram.com/jayakumar_udumalaipettai/p/DWv4w7Vk7IS/,unknown,,Instagram Lite,,,,,,,scrapling_instagram_profile,2026-04-13T02:19:59.845237,,False,neutral,0.485,0.0,
instagram,comment,DWv4w7Vk7IS_c15,DWv4w7Vk7IS,https://www.instagram.com/jayakumar_udumalaipettai/p/DWv4w7Vk7IS/,unknown,,Jobs,,,,,,,scrapling_instagram_profile,2026-04-13T02:19:59.845237,,False,neutral,0.4222,0.0,
instagram,comment,DWv4w7Vk7IS_c16,DWv4w7Vk7IS,https://www.instagram.com/jayakumar_udumalaipettai/p/DWv4w7Vk7IS/,unknown,,Locations,,,,,,,scrapling_instagram_profile,2026-04-13T02:19:59.845237,,False,neutral,0.4433,0.0,
instagram,comment,DWvmeJqEwds_c0,DWvmeJqEwds,https://www.instagram.com/jayakumar_udumalaipettai/reel/DWvmeJqEwds/,unknown,,Blog,,,,,,,scrapling_instagram_profile,2026-04-13T02:20:03.344927,,False,neutral,0.428,0.0,
instagram,comment,DWvmeJqEwds_c1,DWvmeJqEwds,https://www.instagram.com/jayakumar_udumalaipettai/reel/DWvmeJqEwds/,unknown,,Terms,,,,,,,scrapling_instagram_profile,2026-04-13T02:20:03.344927,,False,neutral,0.4318,0.0,
instagram,comment,DWvmeJqEwds_c2,DWvmeJqEwds,https://www.instagram.com/jayakumar_udumalaipettai/reel/DWvmeJqEwds/,unknown,,Locations,,,,,,,scrapling_instagram_profile,2026-04-13T02:20:03.344927,,False,neutral,0.4433,0.0,
instagram,comment,DWvmeJqEwds_c3,DWvmeJqEwds,https://www.instagram.com/jayakumar_udumalaipettai/reel/DWvmeJqEwds/,unknown,,About,,,,,,,scrapling_instagram_profile,2026-04-13T02:20:03.344927,,False,neutral,0.425,0.0,
instagram,comment,DWvmeJqEwds_c4,DWvmeJqEwds,https://www.instagram.com/jayakumar_udumalaipettai/reel/DWvmeJqEwds/,unknown,,kavikavi127,,,,,,,scrapling_instagram_profile,2026-04-13T02:20:03.344927,,False,neutral,0.4254,0.0,
instagram,comment,DWvmeJqEwds_c5,DWvmeJqEwds,https://www.instagram.com/jayakumar_udumalaipettai/reel/DWvmeJqEwds/,unknown,,Messages,,,,,,,scrapling_instagram_profile,2026-04-13T02:20:03.344927,,False,neutral,0.4,0.0,
instagram,comment,DWvmeJqEwds_c6,DWvmeJqEwds,https://www.instagram.com/jayakumar_udumalaipettai/reel/DWvmeJqEwds/,unknown,,Contact Uploading & Non-Users,,,,,,,scrapling_instagram_profile,2026-04-13T02:20:03.344927,,False,neutral,0.9056,0.0,
instagram,comment,DWvmeJqEwds_c7,DWvmeJqEwds,https://www.instagram.com/jayakumar_udumalaipettai/reel/DWvmeJqEwds/,unknown,,Meta AI,,,,,,,scrapling_instagram_profile,2026-04-13T02:20:03.344927,,False,neutral,0.5725,0.0,
instagram,comment,DWvmeJqEwds_c8,DWvmeJqEwds,https://www.instagram.com/jayakumar_udumalaipettai/reel/DWvmeJqEwds/,unknown,,Privacy,,,,,,,scrapling_instagram_profile,2026-04-13T02:20:03.344927,,False,neutral,0.4321,0.0,
instagram,comment,DWvmeJqEwds_c9,DWvmeJqEwds,https://www.instagram.com/jayakumar_udumalaipettai/reel/DWvmeJqEwds/,unknown,,Meta Verified,,,,,,,scrapling_instagram_profile,2026-04-13T02:20:03.344927,,False,neutral,0.5443,0.0,
instagram,comment,DWvmeJqEwds_c10,DWvmeJqEwds,https://www.instagram.com/jayakumar_udumalaipettai/reel/DWvmeJqEwds/,unknown,,English,,,,,,,scrapling_instagram_profile,2026-04-13T02:20:03.344927,,False,neutral,0.3784,0.0,
instagram,comment,DWvmeJqEwds_c11,DWvmeJqEwds,https://www.instagram.com/jayakumar_udumalaipettai/reel/DWvmeJqEwds/,unknown,,Help,,,,,,,scrapling_instagram_profile,2026-04-13T02:20:03.344927,,False,negative,0.3877,0.0,
instagram,comment,DWvmeJqEwds_c12,DWvmeJqEwds,https://www.instagram.com/jayakumar_udumalaipettai/reel/DWvmeJqEwds/,unknown,,Meta,,,,,,,scrapling_instagram_profile,2026-04-13T02:20:03.344927,,False,neutral,0.4202,0.0,
instagram,comment,DWvmeJqEwds_c13,DWvmeJqEwds,https://www.instagram.com/jayakumar_udumalaipettai/reel/DWvmeJqEwds/,unknown,,Threads,,,,,,,scrapling_instagram_profile,2026-04-13T02:20:03.344927,,False,neutral,0.4742,0.0,
instagram,comment,DWvmeJqEwds_c14,DWvmeJqEwds,https://www.instagram.com/jayakumar_udumalaipettai/reel/DWvmeJqEwds/,unknown,,Instagram Lite,,,,,,,scrapling_instagram_profile,2026-04-13T02:20:03.344927,,False,neutral,0.485,0.0,
instagram,comment,DWvmeJqEwds_c15,DWvmeJqEwds,https://www.instagram.com/jayakumar_udumalaipettai/reel/DWvmeJqEwds/,unknown,,Jobs,,,,,,,scrapling_instagram_profile,2026-04-13T02:20:03.344927,,False,neutral,0.4222,0.0,
instagram,comment,DWvmeJqEwds_c16,DWvmeJqEwds,https://www.instagram.com/jayakumar_udumalaipettai/reel/DWvmeJqEwds/,unknown,,© 2026 Instagram from Meta,,,,,,,scrapling_instagram_profile,2026-04-13T02:20:03.344927,,False,neutral,0.858,0.0,
instagram,comment,DWvbwSGk9Up_c0,DWvbwSGk9Up,https://www.instagram.com/jayakumar_udumalaipettai/reel/DWvbwSGk9Up/,unknown,,Meta Verified,,,,,,,scrapling_instagram_profile,2026-04-13T02:20:06.937337,,False,neutral,0.5443,0.0,
instagram,comment,DWvbwSGk9Up_c1,DWvbwSGk9Up,https://www.instagram.com/jayakumar_udumalaipettai/reel/DWvbwSGk9Up/,unknown,,English,,,,,,,scrapling_instagram_profile,2026-04-13T02:20:06.937337,,False,neutral,0.3784,0.0,
instagram,comment,DWvbwSGk9Up_c2,DWvbwSGk9Up,https://www.instagram.com/jayakumar_udumalaipettai/reel/DWvbwSGk9Up/,unknown,,Contact Uploading & Non-Users,,,,,,,scrapling_instagram_profile,2026-04-13T02:20:06.937337,,False,neutral,0.9056,0.0,
instagram,comment,DWvbwSGk9Up_c3,DWvbwSGk9Up,https://www.instagram.com/jayakumar_udumalaipettai/reel/DWvbwSGk9Up/,unknown,,About,,,,,,,scrapling_instagram_profile,2026-04-13T02:20:06.937337,,False,neutral,0.425,0.0,
instagram,comment,DWvbwSGk9Up_c4,DWvbwSGk9Up,https://www.instagram.com/jayakumar_udumalaipettai/reel/DWvbwSGk9Up/,unknown,,Help,,,,,,,scrapling_instagram_profile,2026-04-13T02:20:06.937337,,False,negative,0.3877,0.0,
instagram,comment,DWvbwSGk9Up_c5,DWvbwSGk9Up,https://www.instagram.com/jayakumar_udumalaipettai/reel/DWvbwSGk9Up/,unknown,,Blog,,,,,,,scrapling_instagram_profile,2026-04-13T02:20:06.937337,,False,neutral,0.428,0.0,
instagram,comment,DWvbwSGk9Up_c6,DWvbwSGk9Up,https://www.instagram.com/jayakumar_udumalaipettai/reel/DWvbwSGk9Up/,unknown,,© 2026 Instagram from Meta,,,,,,,scrapling_instagram_profile,2026-04-13T02:20:06.937337,,False,neutral,0.858,0.0,
instagram,comment,DWvbwSGk9Up_c7,DWvbwSGk9Up,https://www.instagram.com/jayakumar_udumalaipettai/reel/DWvbwSGk9Up/,unknown,,Terms,,,,,,,scrapling_instagram_profile,2026-04-13T02:20:06.937337,,False,neutral,0.4318,0.0,
instagram,comment,DWvbwSGk9Up_c8,DWvbwSGk9Up,https://www.instagram.com/jayakumar_udumalaipettai/reel/DWvbwSGk9Up/,unknown,,Meta AI,,,,,,,scrapling_instagram_profile,2026-04-13T02:20:06.937337,,False,neutral,0.5725,0.0,
instagram,comment,DWvbwSGk9Up_c9,DWvbwSGk9Up,https://www.instagram.com/jayakumar_udumalaipettai/reel/DWvbwSGk9Up/,unknown,,Meta,,,,,,,scrapling_instagram_profile,2026-04-13T02:20:06.937337,,False,neutral,0.4202,0.0,
instagram,comment,DWvbwSGk9Up_c10,DWvbwSGk9Up,https://www.instagram.com/jayakumar_udumalaipettai/reel/DWvbwSGk9Up/,unknown,,Privacy,,,,,,,scrapling_instagram_profile,2026-04-13T02:20:06.937337,,False,neutral,0.4321,0.0,
instagram,comment,DWvbwSGk9Up_c11,DWvbwSGk9Up,https://www.instagram.com/jayakumar_udumalaipettai/reel/DWvbwSGk9Up/,unknown,,Start the conversation.,,,,,,,scrapling_instagram_profile,2026-04-13T02:20:06.937337,,False,neutral,0.6209,0.0,
instagram,comment,DWvbwSGk9Up_c12,DWvbwSGk9Up,https://www.instagram.com/jayakumar_udumalaipettai/reel/DWvbwSGk9Up/,unknown,,Messages,,,,,,,scrapling_instagram_profile,2026-04-13T02:20:06.937337,,False,neutral,0.4,0.0,
instagram,comment,DWvbwSGk9Up_c13,DWvbwSGk9Up,https://www.instagram.com/jayakumar_udumalaipettai/reel/DWvbwSGk9Up/,unknown,,Threads,,,,,,,scrapling_instagram_profile,2026-04-13T02:20:06.937337,,False,neutral,0.4742,0.0,
instagram,comment,DWvbwSGk9Up_c14,DWvbwSGk9Up,https://www.instagram.com/jayakumar_udumalaipettai/reel/DWvbwSGk9Up/,unknown,,Instagram Lite,,,,,,,scrapling_instagram_profile,2026-04-13T02:20:06.937337,,False,neutral,0.485,0.0,
instagram,comment,DWvbwSGk9Up_c15,DWvbwSGk9Up,https://www.instagram.com/jayakumar_udumalaipettai/reel/DWvbwSGk9Up/,unknown,,Jobs,,,,,,,scrapling_instagram_profile,2026-04-13T02:20:06.937337,,False,neutral,0.4222,0.0,
instagram,comment,DWvbwSGk9Up_c16,DWvbwSGk9Up,https://www.instagram.com/jayakumar_udumalaipettai/reel/DWvbwSGk9Up/,unknown,,Locations,,,,,,,scrapling_instagram_profile,2026-04-13T02:20:06.937337,,False,neutral,0.4433,0.0,
instagram,comment,DWvOZSGE8ql_c0,DWvOZSGE8ql,https://www.instagram.com/jayakumar_udumalaipettai/p/DWvOZSGE8ql/,unknown,,Meta Verified,,,,,,,scrapling_instagram_profile,2026-04-13T02:20:10.336030,,False,neutral,0.5443,0.0,
instagram,comment,DWvOZSGE8ql_c1,DWvOZSGE8ql,https://www.instagram.com/jayakumar_udumalaipettai/p/DWvOZSGE8ql/,unknown,,English,,,,,,,scrapling_instagram_profile,2026-04-13T02:20:10.336030,,False,neutral,0.3784,0.0,
instagram,comment,DWvOZSGE8ql_c2,DWvOZSGE8ql,https://www.instagram.com/jayakumar_udumalaipettai/p/DWvOZSGE8ql/,unknown,,Contact Uploading & Non-Users,,,,,,,scrapling_instagram_profile,2026-04-13T02:20:10.336030,,False,neutral,0.9056,0.0,
instagram,comment,DWvOZSGE8ql_c3,DWvOZSGE8ql,https://www.instagram.com/jayakumar_udumalaipettai/p/DWvOZSGE8ql/,unknown,,About,,,,,,,scrapling_instagram_profile,2026-04-13T02:20:10.336030,,False,neutral,0.425,0.0,
instagram,comment,DWvOZSGE8ql_c4,DWvOZSGE8ql,https://www.instagram.com/jayakumar_udumalaipettai/p/DWvOZSGE8ql/,unknown,,Help,,,,,,,scrapling_instagram_profile,2026-04-13T02:20:10.336030,,False,negative,0.3877,0.0,
instagram,comment,DWvOZSGE8ql_c5,DWvOZSGE8ql,https://www.instagram.com/jayakumar_udumalaipettai/p/DWvOZSGE8ql/,unknown,,Blog,,,,,,,scrapling_instagram_profile,2026-04-13T02:20:10.336030,,False,neutral,0.428,0.0,
instagram,comment,DWvOZSGE8ql_c6,DWvOZSGE8ql,https://www.instagram.com/jayakumar_udumalaipettai/p/DWvOZSGE8ql/,unknown,,© 2026 Instagram from Meta,,,,,,,scrapling_instagram_profile,2026-04-13T02:20:10.336030,,False,neutral,0.858,0.0,
instagram,comment,DWvOZSGE8ql_c7,DWvOZSGE8ql,https://www.instagram.com/jayakumar_udumalaipettai/p/DWvOZSGE8ql/,unknown,,Terms,,,,,,,scrapling_instagram_profile,2026-04-13T02:20:10.336030,,False,neutral,0.4318,0.0,
instagram,comment,DWvOZSGE8ql_c8,DWvOZSGE8ql,https://www.instagram.com/jayakumar_udumalaipettai/p/DWvOZSGE8ql/,unknown,,Meta AI,,,,,,,scrapling_instagram_profile,2026-04-13T02:20:10.336030,,False,neutral,0.5725,0.0,
instagram,comment,DWvOZSGE8ql_c9,DWvOZSGE8ql,https://www.instagram.com/jayakumar_udumalaipettai/p/DWvOZSGE8ql/,unknown,,Meta,,,,,,,scrapling_instagram_profile,2026-04-13T02:20:10.336030,,False,neutral,0.4202,0.0,
instagram,comment,DWvOZSGE8ql_c10,DWvOZSGE8ql,https://www.instagram.com/jayakumar_udumalaipettai/p/DWvOZSGE8ql/,unknown,,Privacy,,,,,,,scrapling_instagram_profile,2026-04-13T02:20:10.336030,,False,neutral,0.4321,0.0,
instagram,comment,DWvOZSGE8ql_c11,DWvOZSGE8ql,https://www.instagram.com/jayakumar_udumalaipettai/p/DWvOZSGE8ql/,unknown,,Start the conversation.,,,,,,,scrapling_instagram_profile,2026-04-13T02:20:10.336030,,False,neutral,0.6209,0.0,
instagram,comment,DWvOZSGE8ql_c12,DWvOZSGE8ql,https://www.instagram.com/jayakumar_udumalaipettai/p/DWvOZSGE8ql/,unknown,,Messages,,,,,,,scrapling_instagram_profile,2026-04-13T02:20:10.336030,,False,neutral,0.4,0.0,
instagram,comment,DWvOZSGE8ql_c13,DWvOZSGE8ql,https://www.instagram.com/jayakumar_udumalaipettai/p/DWvOZSGE8ql/,unknown,,Threads,,,,,,,scrapling_instagram_profile,2026-04-13T02:20:10.336030,,False,neutral,0.4742,0.0,
instagram,comment,DWvOZSGE8ql_c14,DWvOZSGE8ql,https://www.instagram.com/jayakumar_udumalaipettai/p/DWvOZSGE8ql/,unknown,,Instagram Lite,,,,,,,scrapling_instagram_profile,2026-04-13T02:20:10.336030,,False,neutral,0.485,0.0,
instagram,comment,DWvOZSGE8ql_c15,DWvOZSGE8ql,https://www.instagram.com/jayakumar_udumalaipettai/p/DWvOZSGE8ql/,unknown,,Jobs,,,,,,,scrapling_instagram_profile,2026-04-13T02:20:10.336030,,False,neutral,0.4222,0.0,
instagram,comment,DWvOZSGE8ql_c16,DWvOZSGE8ql,https://www.instagram.com/jayakumar_udumalaipettai/p/DWvOZSGE8ql/,unknown,,Locations,,,,,,,scrapling_instagram_profile,2026-04-13T02:20:10.336030,,False,neutral,0.4433,0.0,
instagram,comment,DWvFSaZk6uf_c0,DWvFSaZk6uf,https://www.instagram.com/jayakumar_udumalaipettai/p/DWvFSaZk6uf/,unknown,,Meta Verified,,,,,,,scrapling_instagram_profile,2026-04-13T02:20:13.753817,,False,neutral,0.5443,0.0,
instagram,comment,DWvFSaZk6uf_c1,DWvFSaZk6uf,https://www.instagram.com/jayakumar_udumalaipettai/p/DWvFSaZk6uf/,unknown,,English,,,,,,,scrapling_instagram_profile,2026-04-13T02:20:13.753817,,False,neutral,0.3784,0.0,
instagram,comment,DWvFSaZk6uf_c2,DWvFSaZk6uf,https://www.instagram.com/jayakumar_udumalaipettai/p/DWvFSaZk6uf/,unknown,,Contact Uploading & Non-Users,,,,,,,scrapling_instagram_profile,2026-04-13T02:20:13.753817,,False,neutral,0.9056,0.0,
instagram,comment,DWvFSaZk6uf_c3,DWvFSaZk6uf,https://www.instagram.com/jayakumar_udumalaipettai/p/DWvFSaZk6uf/,unknown,,About,,,,,,,scrapling_instagram_profile,2026-04-13T02:20:13.753817,,False,neutral,0.425,0.0,
instagram,comment,DWvFSaZk6uf_c4,DWvFSaZk6uf,https://www.instagram.com/jayakumar_udumalaipettai/p/DWvFSaZk6uf/,unknown,,Help,,,,,,,scrapling_instagram_profile,2026-04-13T02:20:13.753817,,False,negative,0.3877,0.0,
instagram,comment,DWvFSaZk6uf_c5,DWvFSaZk6uf,https://www.instagram.com/jayakumar_udumalaipettai/p/DWvFSaZk6uf/,unknown,,Blog,,,,,,,scrapling_instagram_profile,2026-04-13T02:20:13.753817,,False,neutral,0.428,0.0,
instagram,comment,DWvFSaZk6uf_c6,DWvFSaZk6uf,https://www.instagram.com/jayakumar_udumalaipettai/p/DWvFSaZk6uf/,unknown,,© 2026 Instagram from Meta,,,,,,,scrapling_instagram_profile,2026-04-13T02:20:13.753817,,False,neutral,0.858,0.0,
instagram,comment,DWvFSaZk6uf_c7,DWvFSaZk6uf,https://www.instagram.com/jayakumar_udumalaipettai/p/DWvFSaZk6uf/,unknown,,Terms,,,,,,,scrapling_instagram_profile,2026-04-13T02:20:13.753817,,False,neutral,0.4318,0.0,
instagram,comment,DWvFSaZk6uf_c8,DWvFSaZk6uf,https://www.instagram.com/jayakumar_udumalaipettai/p/DWvFSaZk6uf/,unknown,,Meta AI,,,,,,,scrapling_instagram_profile,2026-04-13T02:20:13.753817,,False,neutral,0.5725,0.0,
instagram,comment,DWvFSaZk6uf_c9,DWvFSaZk6uf,https://www.instagram.com/jayakumar_udumalaipettai/p/DWvFSaZk6uf/,unknown,,Meta,,,,,,,scrapling_instagram_profile,2026-04-13T02:20:13.753817,,False,neutral,0.4202,0.0,
instagram,comment,DWvFSaZk6uf_c10,DWvFSaZk6uf,https://www.instagram.com/jayakumar_udumalaipettai/p/DWvFSaZk6uf/,unknown,,Privacy,,,,,,,scrapling_instagram_profile,2026-04-13T02:20:13.753817,,False,neutral,0.4321,0.0,
instagram,comment,DWvFSaZk6uf_c11,DWvFSaZk6uf,https://www.instagram.com/jayakumar_udumalaipettai/p/DWvFSaZk6uf/,unknown,,Start the conversation.,,,,,,,scrapling_instagram_profile,2026-04-13T02:20:13.753817,,False,neutral,0.6209,0.0,
instagram,comment,DWvFSaZk6uf_c12,DWvFSaZk6uf,https://www.instagram.com/jayakumar_udumalaipettai/p/DWvFSaZk6uf/,unknown,,Messages,,,,,,,scrapling_instagram_profile,2026-04-13T02:20:13.753817,,False,neutral,0.4,0.0,
instagram,comment,DWvFSaZk6uf_c13,DWvFSaZk6uf,https://www.instagram.com/jayakumar_udumalaipettai/p/DWvFSaZk6uf/,unknown,,Threads,,,,,,,scrapling_instagram_profile,2026-04-13T02:20:13.753817,,False,neutral,0.4742,0.0,
instagram,comment,DWvFSaZk6uf_c14,DWvFSaZk6uf,https://www.instagram.com/jayakumar_udumalaipettai/p/DWvFSaZk6uf/,unknown,,Instagram Lite,,,,,,,scrapling_instagram_profile,2026-04-13T02:20:13.753817,,False,neutral,0.485,0.0,
instagram,comment,DWvFSaZk6uf_c15,DWvFSaZk6uf,https://www.instagram.com/jayakumar_udumalaipettai/p/DWvFSaZk6uf/,unknown,,Jobs,,,,,,,scrapling_instagram_profile,2026-04-13T02:20:13.753817,,False,neutral,0.4222,0.0,
instagram,comment,DWvFSaZk6uf_c16,DWvFSaZk6uf,https://www.instagram.com/jayakumar_udumalaipettai/p/DWvFSaZk6uf/,unknown,,Locations,,,,,,,scrapling_instagram_profile,2026-04-13T02:20:13.753817,,False,neutral,0.4433,0.0,
instagram,comment,DWt5xQLEx1m_c0,DWt5xQLEx1m,https://www.instagram.com/jayakumar_udumalaipettai/p/DWt5xQLEx1m/,unknown,,Blog,,,,,,,scrapling_instagram_profile,2026-04-13T02:20:17.354868,,False,neutral,0.428,0.0,
instagram,comment,DWt5xQLEx1m_c1,DWt5xQLEx1m,https://www.instagram.com/jayakumar_udumalaipettai/p/DWt5xQLEx1m/,unknown,,Terms,,,,,,,scrapling_instagram_profile,2026-04-13T02:20:17.354868,,False,neutral,0.4318,0.0,
instagram,comment,DWt5xQLEx1m_c2,DWt5xQLEx1m,https://www.instagram.com/jayakumar_udumalaipettai/p/DWt5xQLEx1m/,unknown,,Lohit 🔥🔥🔥,,,,,,,scrapling_instagram_profile,2026-04-13T02:20:17.354868,,False,positive,0.4409,0.0,
instagram,comment,DWt5xQLEx1m_c3,DWt5xQLEx1m,https://www.instagram.com/jayakumar_udumalaipettai/p/DWt5xQLEx1m/,unknown,,Lohith 🔥🔥🔥,,,,,,,scrapling_instagram_profile,2026-04-13T02:20:17.354868,,False,positive,0.374,0.0,
instagram,comment,DWt5xQLEx1m_c4,DWt5xQLEx1m,https://www.instagram.com/jayakumar_udumalaipettai/p/DWt5xQLEx1m/,unknown,,Locations,,,,,,,scrapling_instagram_profile,2026-04-13T02:20:17.354868,,False,neutral,0.4433,0.0,
instagram,comment,DWt5xQLEx1m_c5,DWt5xQLEx1m,https://www.instagram.com/jayakumar_udumalaipettai/p/DWt5xQLEx1m/,unknown,,About,,,,,,,scrapling_instagram_profile,2026-04-13T02:20:17.354868,,False,neutral,0.425,0.0,
instagram,comment,DWt5xQLEx1m_c6,DWt5xQLEx1m,https://www.instagram.com/jayakumar_udumalaipettai/p/DWt5xQLEx1m/,unknown,,~Lohit 👑❤️‍🔥,,,,,,,scrapling_instagram_profile,2026-04-13T02:20:17.354868,,False,positive,0.4935,0.0,
instagram,comment,DWt5xQLEx1m_c7,DWt5xQLEx1m,https://www.instagram.com/jayakumar_udumalaipettai/p/DWt5xQLEx1m/,unknown,,Messages,,,,,,,scrapling_instagram_profile,2026-04-13T02:20:17.354868,,False,neutral,0.4,0.0,
instagram,comment,DWt5xQLEx1m_c8,DWt5xQLEx1m,https://www.instagram.com/jayakumar_udumalaipettai/p/DWt5xQLEx1m/,unknown,,Lohith❤️,,,,,,,scrapling_instagram_profile,2026-04-13T02:20:17.354868,,False,neutral,0.3618,0.0,
instagram,comment,DWt5xQLEx1m_c9,DWt5xQLEx1m,https://www.instagram.com/jayakumar_udumalaipettai/p/DWt5xQLEx1m/,unknown,,Contact Uploading & Non-Users,,,,,,,scrapling_instagram_profile,2026-04-13T02:20:17.354868,,False,neutral,0.9056,0.0,
instagram,comment,DWt5xQLEx1m_c10,DWt5xQLEx1m,https://www.instagram.com/jayakumar_udumalaipettai/p/DWt5xQLEx1m/,unknown,,Endrum udhayasooriyam ☀️🌄🖤♥️,,,,,,,scrapling_instagram_profile,2026-04-13T02:20:17.354868,,False,neutral,0.4493,0.0,
instagram,comment,DWt5xQLEx1m_c11,DWt5xQLEx1m,https://www.instagram.com/jayakumar_udumalaipettai/p/DWt5xQLEx1m/,unknown,,Meta AI,,,,,,,scrapling_instagram_profile,2026-04-13T02:20:17.354868,,False,neutral,0.5725,0.0,
instagram,comment,DWt5xQLEx1m_c12,DWt5xQLEx1m,https://www.instagram.com/jayakumar_udumalaipettai/p/DWt5xQLEx1m/,unknown,,Privacy,,,,,,,scrapling_instagram_profile,2026-04-13T02:20:17.354868,,False,neutral,0.4321,0.0,
instagram,comment,DWt5xQLEx1m_c13,DWt5xQLEx1m,https://www.instagram.com/jayakumar_udumalaipettai/p/DWt5xQLEx1m/,unknown,,Lohith🔥👑,,,,,,,scrapling_instagram_profile,2026-04-13T02:20:17.354868,,False,neutral,0.3799,0.0,
instagram,comment,DWt5xQLEx1m_c14,DWt5xQLEx1m,https://www.instagram.com/jayakumar_udumalaipettai/p/DWt5xQLEx1m/,unknown,,Meta Verified,,,,,,,scrapling_instagram_profile,2026-04-13T02:20:17.354868,,False,neutral,0.5443,0.0,
instagram,comment,DWt5xQLEx1m_c15,DWt5xQLEx1m,https://www.instagram.com/jayakumar_udumalaipettai/p/DWt5xQLEx1m/,unknown,,English,,,,,,,scrapling_instagram_profile,2026-04-13T02:20:17.354868,,False,neutral,0.3784,0.0,
instagram,comment,DWt5xQLEx1m_c16,DWt5xQLEx1m,https://www.instagram.com/jayakumar_udumalaipettai/p/DWt5xQLEx1m/,unknown,,Help,,,,,,,scrapling_instagram_profile,2026-04-13T02:20:17.354868,,False,negative,0.3877,0.0,
instagram,comment,DWt5xQLEx1m_c17,DWt5xQLEx1m,https://www.instagram.com/jayakumar_udumalaipettai/p/DWt5xQLEx1m/,unknown,,lohith🔥🔥🔥,,,,,,,scrapling_instagram_profile,2026-04-13T02:20:17.354868,,False,positive,0.374,0.0,
instagram,comment,DWt5xQLEx1m_c18,DWt5xQLEx1m,https://www.instagram.com/jayakumar_udumalaipettai/p/DWt5xQLEx1m/,unknown,,Meta,,,,,,,scrapling_instagram_profile,2026-04-13T02:20:17.354868,,False,neutral,0.4202,0.0,
instagram,comment,DWt5xQLEx1m_c19,DWt5xQLEx1m,https://www.instagram.com/jayakumar_udumalaipettai/p/DWt5xQLEx1m/,unknown,,View all 1 replies,,,,,,,scrapling_instagram_profile,2026-04-13T02:20:17.354868,,False,neutral,0.6912,0.0,
instagram,comment,DWt5xQLEx1m_c20,DWt5xQLEx1m,https://www.instagram.com/jayakumar_udumalaipettai/p/DWt5xQLEx1m/,unknown,,Threads,,,,,,,scrapling_instagram_profile,2026-04-13T02:20:17.354868,,False,neutral,0.4742,0.0,
instagram,comment,DWt5xQLEx1m_c21,DWt5xQLEx1m,https://www.instagram.com/jayakumar_udumalaipettai/p/DWt5xQLEx1m/,unknown,,Instagram Lite,,,,,,,scrapling_instagram_profile,2026-04-13T02:20:17.354868,,False,neutral,0.485,0.0,
instagram,comment,DWt5xQLEx1m_c22,DWt5xQLEx1m,https://www.instagram.com/jayakumar_udumalaipettai/p/DWt5xQLEx1m/,unknown,,Jobs,,,,,,,scrapling_instagram_profile,2026-04-13T02:20:17.354868,,False,neutral,0.4222,0.0,
instagram,comment,DWt5xQLEx1m_c23,DWt5xQLEx1m,https://www.instagram.com/jayakumar_udumalaipettai/p/DWt5xQLEx1m/,unknown,,© 2026 Instagram from Meta,,,,,,,scrapling_instagram_profile,2026-04-13T02:20:17.354868,,False,neutral,0.858,0.0,
instagram,comment,DWtmnoQETnZ_c0,DWtmnoQETnZ,https://www.instagram.com/jayakumar_udumalaipettai/reel/DWtmnoQETnZ/,unknown,,Blog,,,,,,,scrapling_instagram_profile,2026-04-13T02:20:21.036978,,False,neutral,0.428,0.0,
instagram,comment,DWtmnoQETnZ_c1,DWtmnoQETnZ,https://www.instagram.com/jayakumar_udumalaipettai/reel/DWtmnoQETnZ/,unknown,,Terms,,,,,,,scrapling_instagram_profile,2026-04-13T02:20:21.036978,,False,neutral,0.4318,0.0,
instagram,comment,DWtmnoQETnZ_c2,DWtmnoQETnZ,https://www.instagram.com/jayakumar_udumalaipettai/reel/DWtmnoQETnZ/,unknown,,Locations,,,,,,,scrapling_instagram_profile,2026-04-13T02:20:21.036978,,False,neutral,0.4433,0.0,
instagram,comment,DWtmnoQETnZ_c3,DWtmnoQETnZ,https://www.instagram.com/jayakumar_udumalaipettai/reel/DWtmnoQETnZ/,unknown,,About,,,,,,,scrapling_instagram_profile,2026-04-13T02:20:21.036978,,False,neutral,0.425,0.0,
instagram,comment,DWtmnoQETnZ_c4,DWtmnoQETnZ,https://www.instagram.com/jayakumar_udumalaipettai/reel/DWtmnoQETnZ/,unknown,,Messages,,,,,,,scrapling_instagram_profile,2026-04-13T02:20:21.036978,,False,neutral,0.4,0.0,
instagram,comment,DWtmnoQETnZ_c5,DWtmnoQETnZ,https://www.instagram.com/jayakumar_udumalaipettai/reel/DWtmnoQETnZ/,unknown,,kumarashok46130,,,,,,,scrapling_instagram_profile,2026-04-13T02:20:21.036978,,False,neutral,0.4671,0.0,
instagram,comment,DWtmnoQETnZ_c6,DWtmnoQETnZ,https://www.instagram.com/jayakumar_udumalaipettai/reel/DWtmnoQETnZ/,unknown,,Contact Uploading & Non-Users,,,,,,,scrapling_instagram_profile,2026-04-13T02:20:21.036978,,False,neutral,0.9056,0.0,
instagram,comment,DWtmnoQETnZ_c7,DWtmnoQETnZ,https://www.instagram.com/jayakumar_udumalaipettai/reel/DWtmnoQETnZ/,unknown,,Meta AI,,,,,,,scrapling_instagram_profile,2026-04-13T02:20:21.036978,,False,neutral,0.5725,0.0,
instagram,comment,DWtmnoQETnZ_c8,DWtmnoQETnZ,https://www.instagram.com/jayakumar_udumalaipettai/reel/DWtmnoQETnZ/,unknown,,Privacy,,,,,,,scrapling_instagram_profile,2026-04-13T02:20:21.036978,,False,neutral,0.4321,0.0,
instagram,comment,DWtmnoQETnZ_c9,DWtmnoQETnZ,https://www.instagram.com/jayakumar_udumalaipettai/reel/DWtmnoQETnZ/,unknown,,Meta Verified,,,,,,,scrapling_instagram_profile,2026-04-13T02:20:21.036978,,False,neutral,0.5443,0.0,
instagram,comment,DWtmnoQETnZ_c10,DWtmnoQETnZ,https://www.instagram.com/jayakumar_udumalaipettai/reel/DWtmnoQETnZ/,unknown,,English,,,,,,,scrapling_instagram_profile,2026-04-13T02:20:21.036978,,False,neutral,0.3784,0.0,
instagram,comment,DWtmnoQETnZ_c11,DWtmnoQETnZ,https://www.instagram.com/jayakumar_udumalaipettai/reel/DWtmnoQETnZ/,unknown,,Help,,,,,,,scrapling_instagram_profile,2026-04-13T02:20:21.036978,,False,negative,0.3877,0.0,
instagram,comment,DWtmnoQETnZ_c12,DWtmnoQETnZ,https://www.instagram.com/jayakumar_udumalaipettai/reel/DWtmnoQETnZ/,unknown,,Meta,,,,,,,scrapling_instagram_profile,2026-04-13T02:20:21.036978,,False,neutral,0.4202,0.0,
instagram,comment,DWtmnoQETnZ_c13,DWtmnoQETnZ,https://www.instagram.com/jayakumar_udumalaipettai/reel/DWtmnoQETnZ/,unknown,,Threads,,,,,,,scrapling_instagram_profile,2026-04-13T02:20:21.036978,,False,neutral,0.4742,0.0,
instagram,comment,DWtmnoQETnZ_c14,DWtmnoQETnZ,https://www.instagram.com/jayakumar_udumalaipettai/reel/DWtmnoQETnZ/,unknown,,Instagram Lite,,,,,,,scrapling_instagram_profile,2026-04-13T02:20:21.036978,,False,neutral,0.485,0.0,
instagram,comment,DWtmnoQETnZ_c15,DWtmnoQETnZ,https://www.instagram.com/jayakumar_udumalaipettai/reel/DWtmnoQETnZ/,unknown,,Jobs,,,,,,,scrapling_instagram_profile,2026-04-13T02:20:21.036978,,False,neutral,0.4222,0.0,
instagram,comment,DWtmnoQETnZ_c16,DWtmnoQETnZ,https://www.instagram.com/jayakumar_udumalaipettai/reel/DWtmnoQETnZ/,unknown,,© 2026 Instagram from Meta,,,,,,,scrapling_instagram_profile,2026-04-13T02:20:21.036978,,False,neutral,0.858,0.0,
instagram,comment,DWtgs6ZkTai_c0,DWtgs6ZkTai,https://www.instagram.com/jayakumar_udumalaipettai/p/DWtgs6ZkTai/,unknown,,Meta Verified,,,,,,,scrapling_instagram_profile,2026-04-13T02:20:24.484159,,False,neutral,0.5443,0.0,
instagram,comment,DWtgs6ZkTai_c1,DWtgs6ZkTai,https://www.instagram.com/jayakumar_udumalaipettai/p/DWtgs6ZkTai/,unknown,,English,,,,,,,scrapling_instagram_profile,2026-04-13T02:20:24.484159,,False,neutral,0.3784,0.0,
instagram,comment,DWtgs6ZkTai_c2,DWtgs6ZkTai,https://www.instagram.com/jayakumar_udumalaipettai/p/DWtgs6ZkTai/,unknown,,Contact Uploading & Non-Users,,,,,,,scrapling_instagram_profile,2026-04-13T02:20:24.484159,,False,neutral,0.9056,0.0,
instagram,comment,DWtgs6ZkTai_c3,DWtgs6ZkTai,https://www.instagram.com/jayakumar_udumalaipettai/p/DWtgs6ZkTai/,unknown,,About,,,,,,,scrapling_instagram_profile,2026-04-13T02:20:24.484159,,False,neutral,0.425,0.0,
instagram,comment,DWtgs6ZkTai_c4,DWtgs6ZkTai,https://www.instagram.com/jayakumar_udumalaipettai/p/DWtgs6ZkTai/,unknown,,Help,,,,,,,scrapling_instagram_profile,2026-04-13T02:20:24.484159,,False,negative,0.3877,0.0,
instagram,comment,DWtgs6ZkTai_c5,DWtgs6ZkTai,https://www.instagram.com/jayakumar_udumalaipettai/p/DWtgs6ZkTai/,unknown,,Blog,,,,,,,scrapling_instagram_profile,2026-04-13T02:20:24.484159,,False,neutral,0.428,0.0,
instagram,comment,DWtgs6ZkTai_c6,DWtgs6ZkTai,https://www.instagram.com/jayakumar_udumalaipettai/p/DWtgs6ZkTai/,unknown,,© 2026 Instagram from Meta,,,,,,,scrapling_instagram_profile,2026-04-13T02:20:24.484159,,False,neutral,0.858,0.0,
instagram,comment,DWtgs6ZkTai_c7,DWtgs6ZkTai,https://www.instagram.com/jayakumar_udumalaipettai/p/DWtgs6ZkTai/,unknown,,Terms,,,,,,,scrapling_instagram_profile,2026-04-13T02:20:24.484159,,False,neutral,0.4318,0.0,
instagram,comment,DWtgs6ZkTai_c8,DWtgs6ZkTai,https://www.instagram.com/jayakumar_udumalaipettai/p/DWtgs6ZkTai/,unknown,,Meta AI,,,,,,,scrapling_instagram_profile,2026-04-13T02:20:24.484159,,False,neutral,0.5725,0.0,
instagram,comment,DWtgs6ZkTai_c9,DWtgs6ZkTai,https://www.instagram.com/jayakumar_udumalaipettai/p/DWtgs6ZkTai/,unknown,,Meta,,,,,,,scrapling_instagram_profile,2026-04-13T02:20:24.484159,,False,neutral,0.4202,0.0,
instagram,comment,DWtgs6ZkTai_c10,DWtgs6ZkTai,https://www.instagram.com/jayakumar_udumalaipettai/p/DWtgs6ZkTai/,unknown,,Privacy,,,,,,,scrapling_instagram_profile,2026-04-13T02:20:24.484159,,False,neutral,0.4321,0.0,
instagram,comment,DWtgs6ZkTai_c11,DWtgs6ZkTai,https://www.instagram.com/jayakumar_udumalaipettai/p/DWtgs6ZkTai/,unknown,,Start the conversation.,,,,,,,scrapling_instagram_profile,2026-04-13T02:20:24.484159,,False,neutral,0.6209,0.0,
instagram,comment,DWtgs6ZkTai_c12,DWtgs6ZkTai,https://www.instagram.com/jayakumar_udumalaipettai/p/DWtgs6ZkTai/,unknown,,Messages,,,,,,,scrapling_instagram_profile,2026-04-13T02:20:24.484159,,False,neutral,0.4,0.0,
instagram,comment,DWtgs6ZkTai_c13,DWtgs6ZkTai,https://www.instagram.com/jayakumar_udumalaipettai/p/DWtgs6ZkTai/,unknown,,Threads,,,,,,,scrapling_instagram_profile,2026-04-13T02:20:24.484159,,False,neutral,0.4742,0.0,
instagram,comment,DWtgs6ZkTai_c14,DWtgs6ZkTai,https://www.instagram.com/jayakumar_udumalaipettai/p/DWtgs6ZkTai/,unknown,,Instagram Lite,,,,,,,scrapling_instagram_profile,2026-04-13T02:20:24.484159,,False,neutral,0.485,0.0,
instagram,comment,DWtgs6ZkTai_c15,DWtgs6ZkTai,https://www.instagram.com/jayakumar_udumalaipettai/p/DWtgs6ZkTai/,unknown,,Jobs,,,,,,,scrapling_instagram_profile,2026-04-13T02:20:24.484159,,False,neutral,0.4222,0.0,
instagram,comment,DWtgs6ZkTai_c16,DWtgs6ZkTai,https://www.instagram.com/jayakumar_udumalaipettai/p/DWtgs6ZkTai/,unknown,,Locations,,,,,,,scrapling_instagram_profile,2026-04-13T02:20:24.484159,,False,neutral,0.4433,0.0,
instagram,comment,DWtUzGwEfkC_c0,DWtUzGwEfkC,https://www.instagram.com/jayakumar_udumalaipettai/p/DWtUzGwEfkC/,unknown,,Meta Verified,,,,,,,scrapling_instagram_profile,2026-04-13T02:20:28.153391,,False,neutral,0.5443,0.0,
instagram,comment,DWtUzGwEfkC_c1,DWtUzGwEfkC,https://www.instagram.com/jayakumar_udumalaipettai/p/DWtUzGwEfkC/,unknown,,English,,,,,,,scrapling_instagram_profile,2026-04-13T02:20:28.153391,,False,neutral,0.3784,0.0,
instagram,comment,DWtUzGwEfkC_c2,DWtUzGwEfkC,https://www.instagram.com/jayakumar_udumalaipettai/p/DWtUzGwEfkC/,unknown,,Contact Uploading & Non-Users,,,,,,,scrapling_instagram_profile,2026-04-13T02:20:28.153391,,False,neutral,0.9056,0.0,
instagram,comment,DWtUzGwEfkC_c3,DWtUzGwEfkC,https://www.instagram.com/jayakumar_udumalaipettai/p/DWtUzGwEfkC/,unknown,,About,,,,,,,scrapling_instagram_profile,2026-04-13T02:20:28.153391,,False,neutral,0.425,0.0,
instagram,comment,DWtUzGwEfkC_c4,DWtUzGwEfkC,https://www.instagram.com/jayakumar_udumalaipettai/p/DWtUzGwEfkC/,unknown,,Help,,,,,,,scrapling_instagram_profile,2026-04-13T02:20:28.153391,,False,negative,0.3877,0.0,
instagram,comment,DWtUzGwEfkC_c5,DWtUzGwEfkC,https://www.instagram.com/jayakumar_udumalaipettai/p/DWtUzGwEfkC/,unknown,,Blog,,,,,,,scrapling_instagram_profile,2026-04-13T02:20:28.153391,,False,neutral,0.428,0.0,
instagram,comment,DWtUzGwEfkC_c6,DWtUzGwEfkC,https://www.instagram.com/jayakumar_udumalaipettai/p/DWtUzGwEfkC/,unknown,,© 2026 Instagram from Meta,,,,,,,scrapling_instagram_profile,2026-04-13T02:20:28.153391,,False,neutral,0.858,0.0,
instagram,comment,DWtUzGwEfkC_c7,DWtUzGwEfkC,https://www.instagram.com/jayakumar_udumalaipettai/p/DWtUzGwEfkC/,unknown,,Terms,,,,,,,scrapling_instagram_profile,2026-04-13T02:20:28.153391,,False,neutral,0.4318,0.0,
instagram,comment,DWtUzGwEfkC_c8,DWtUzGwEfkC,https://www.instagram.com/jayakumar_udumalaipettai/p/DWtUzGwEfkC/,unknown,,Meta AI,,,,,,,scrapling_instagram_profile,2026-04-13T02:20:28.153391,,False,neutral,0.5725,0.0,
instagram,comment,DWtUzGwEfkC_c9,DWtUzGwEfkC,https://www.instagram.com/jayakumar_udumalaipettai/p/DWtUzGwEfkC/,unknown,,Meta,,,,,,,scrapling_instagram_profile,2026-04-13T02:20:28.153391,,False,neutral,0.4202,0.0,
instagram,comment,DWtUzGwEfkC_c10,DWtUzGwEfkC,https://www.instagram.com/jayakumar_udumalaipettai/p/DWtUzGwEfkC/,unknown,,Privacy,,,,,,,scrapling_instagram_profile,2026-04-13T02:20:28.153391,,False,neutral,0.4321,0.0,
instagram,comment,DWtUzGwEfkC_c11,DWtUzGwEfkC,https://www.instagram.com/jayakumar_udumalaipettai/p/DWtUzGwEfkC/,unknown,,Start the conversation.,,,,,,,scrapling_instagram_profile,2026-04-13T02:20:28.153391,,False,neutral,0.6209,0.0,
instagram,comment,DWtUzGwEfkC_c12,DWtUzGwEfkC,https://www.instagram.com/jayakumar_udumalaipettai/p/DWtUzGwEfkC/,unknown,,Messages,,,,,,,scrapling_instagram_profile,2026-04-13T02:20:28.153391,,False,neutral,0.4,0.0,
instagram,comment,DWtUzGwEfkC_c13,DWtUzGwEfkC,https://www.instagram.com/jayakumar_udumalaipettai/p/DWtUzGwEfkC/,unknown,,Threads,,,,,,,scrapling_instagram_profile,2026-04-13T02:20:28.153391,,False,neutral,0.4742,0.0,
instagram,comment,DWtUzGwEfkC_c14,DWtUzGwEfkC,https://www.instagram.com/jayakumar_udumalaipettai/p/DWtUzGwEfkC/,unknown,,Instagram Lite,,,,,,,scrapling_instagram_profile,2026-04-13T02:20:28.153391,,False,neutral,0.485,0.0,
instagram,comment,DWtUzGwEfkC_c15,DWtUzGwEfkC,https://www.instagram.com/jayakumar_udumalaipettai/p/DWtUzGwEfkC/,unknown,,Jobs,,,,,,,scrapling_instagram_profile,2026-04-13T02:20:28.153391,,False,neutral,0.4222,0.0,
instagram,comment,DWtUzGwEfkC_c16,DWtUzGwEfkC,https://www.instagram.com/jayakumar_udumalaipettai/p/DWtUzGwEfkC/,unknown,,Locations,,,,,,,scrapling_instagram_profile,2026-04-13T02:20:28.153391,,False,neutral,0.4433,0.0,
instagram,comment,DWtLAwEkWSf_c0,DWtLAwEkWSf,https://www.instagram.com/jayakumar_udumalaipettai/p/DWtLAwEkWSf/,unknown,,Meta Verified,,,,,,,scrapling_instagram_profile,2026-04-13T02:20:31.567116,,False,neutral,0.5443,0.0,
instagram,comment,DWtLAwEkWSf_c1,DWtLAwEkWSf,https://www.instagram.com/jayakumar_udumalaipettai/p/DWtLAwEkWSf/,unknown,,English,,,,,,,scrapling_instagram_profile,2026-04-13T02:20:31.567116,,False,neutral,0.3784,0.0,
instagram,comment,DWtLAwEkWSf_c2,DWtLAwEkWSf,https://www.instagram.com/jayakumar_udumalaipettai/p/DWtLAwEkWSf/,unknown,,Contact Uploading & Non-Users,,,,,,,scrapling_instagram_profile,2026-04-13T02:20:31.567116,,False,neutral,0.9056,0.0,
instagram,comment,DWtLAwEkWSf_c3,DWtLAwEkWSf,https://www.instagram.com/jayakumar_udumalaipettai/p/DWtLAwEkWSf/,unknown,,About,,,,,,,scrapling_instagram_profile,2026-04-13T02:20:31.567116,,False,neutral,0.425,0.0,
instagram,comment,DWtLAwEkWSf_c4,DWtLAwEkWSf,https://www.instagram.com/jayakumar_udumalaipettai/p/DWtLAwEkWSf/,unknown,,Help,,,,,,,scrapling_instagram_profile,2026-04-13T02:20:31.567116,,False,negative,0.3877,0.0,
instagram,comment,DWtLAwEkWSf_c5,DWtLAwEkWSf,https://www.instagram.com/jayakumar_udumalaipettai/p/DWtLAwEkWSf/,unknown,,Blog,,,,,,,scrapling_instagram_profile,2026-04-13T02:20:31.567116,,False,neutral,0.428,0.0,
instagram,comment,DWtLAwEkWSf_c6,DWtLAwEkWSf,https://www.instagram.com/jayakumar_udumalaipettai/p/DWtLAwEkWSf/,unknown,,© 2026 Instagram from Meta,,,,,,,scrapling_instagram_profile,2026-04-13T02:20:31.567116,,False,neutral,0.858,0.0,
instagram,comment,DWtLAwEkWSf_c7,DWtLAwEkWSf,https://www.instagram.com/jayakumar_udumalaipettai/p/DWtLAwEkWSf/,unknown,,Terms,,,,,,,scrapling_instagram_profile,2026-04-13T02:20:31.567116,,False,neutral,0.4318,0.0,
instagram,comment,DWtLAwEkWSf_c8,DWtLAwEkWSf,https://www.instagram.com/jayakumar_udumalaipettai/p/DWtLAwEkWSf/,unknown,,Meta AI,,,,,,,scrapling_instagram_profile,2026-04-13T02:20:31.567116,,False,neutral,0.5725,0.0,
instagram,comment,DWtLAwEkWSf_c9,DWtLAwEkWSf,https://www.instagram.com/jayakumar_udumalaipettai/p/DWtLAwEkWSf/,unknown,,Meta,,,,,,,scrapling_instagram_profile,2026-04-13T02:20:31.567116,,False,neutral,0.4202,0.0,
instagram,comment,DWtLAwEkWSf_c10,DWtLAwEkWSf,https://www.instagram.com/jayakumar_udumalaipettai/p/DWtLAwEkWSf/,unknown,,Privacy,,,,,,,scrapling_instagram_profile,2026-04-13T02:20:31.567116,,False,neutral,0.4321,0.0,
instagram,comment,DWtLAwEkWSf_c11,DWtLAwEkWSf,https://www.instagram.com/jayakumar_udumalaipettai/p/DWtLAwEkWSf/,unknown,,Start the conversation.,,,,,,,scrapling_instagram_profile,2026-04-13T02:20:31.567116,,False,neutral,0.6209,0.0,
instagram,comment,DWtLAwEkWSf_c12,DWtLAwEkWSf,https://www.instagram.com/jayakumar_udumalaipettai/p/DWtLAwEkWSf/,unknown,,Messages,,,,,,,scrapling_instagram_profile,2026-04-13T02:20:31.567116,,False,neutral,0.4,0.0,
instagram,comment,DWtLAwEkWSf_c13,DWtLAwEkWSf,https://www.instagram.com/jayakumar_udumalaipettai/p/DWtLAwEkWSf/,unknown,,Threads,,,,,,,scrapling_instagram_profile,2026-04-13T02:20:31.567116,,False,neutral,0.4742,0.0,
instagram,comment,DWtLAwEkWSf_c14,DWtLAwEkWSf,https://www.instagram.com/jayakumar_udumalaipettai/p/DWtLAwEkWSf/,unknown,,Instagram Lite,,,,,,,scrapling_instagram_profile,2026-04-13T02:20:31.567116,,False,neutral,0.485,0.0,
instagram,comment,DWtLAwEkWSf_c15,DWtLAwEkWSf,https://www.instagram.com/jayakumar_udumalaipettai/p/DWtLAwEkWSf/,unknown,,Jobs,,,,,,,scrapling_instagram_profile,2026-04-13T02:20:31.567116,,False,neutral,0.4222,0.0,
instagram,comment,DWtLAwEkWSf_c16,DWtLAwEkWSf,https://www.instagram.com/jayakumar_udumalaipettai/p/DWtLAwEkWSf/,unknown,,Locations,,,,,,,scrapling_instagram_profile,2026-04-13T02:20:31.567116,,False,neutral,0.4433,0.0,
instagram,comment,DWs_NkAEYfE_c0,DWs_NkAEYfE,https://www.instagram.com/jayakumar_udumalaipettai/p/DWs_NkAEYfE/,unknown,,Meta Verified,,,,,,,scrapling_instagram_profile,2026-04-13T02:20:35.219946,,False,neutral,0.5443,0.0,
instagram,comment,DWs_NkAEYfE_c1,DWs_NkAEYfE,https://www.instagram.com/jayakumar_udumalaipettai/p/DWs_NkAEYfE/,unknown,,English,,,,,,,scrapling_instagram_profile,2026-04-13T02:20:35.219946,,False,neutral,0.3784,0.0,
instagram,comment,DWs_NkAEYfE_c2,DWs_NkAEYfE,https://www.instagram.com/jayakumar_udumalaipettai/p/DWs_NkAEYfE/,unknown,,Contact Uploading & Non-Users,,,,,,,scrapling_instagram_profile,2026-04-13T02:20:35.219946,,False,neutral,0.9056,0.0,
instagram,comment,DWs_NkAEYfE_c3,DWs_NkAEYfE,https://www.instagram.com/jayakumar_udumalaipettai/p/DWs_NkAEYfE/,unknown,,About,,,,,,,scrapling_instagram_profile,2026-04-13T02:20:35.219946,,False,neutral,0.425,0.0,
instagram,comment,DWs_NkAEYfE_c4,DWs_NkAEYfE,https://www.instagram.com/jayakumar_udumalaipettai/p/DWs_NkAEYfE/,unknown,,Help,,,,,,,scrapling_instagram_profile,2026-04-13T02:20:35.219946,,False,negative,0.3877,0.0,
instagram,comment,DWs_NkAEYfE_c5,DWs_NkAEYfE,https://www.instagram.com/jayakumar_udumalaipettai/p/DWs_NkAEYfE/,unknown,,Blog,,,,,,,scrapling_instagram_profile,2026-04-13T02:20:35.219946,,False,neutral,0.428,0.0,
instagram,comment,DWs_NkAEYfE_c6,DWs_NkAEYfE,https://www.instagram.com/jayakumar_udumalaipettai/p/DWs_NkAEYfE/,unknown,,© 2026 Instagram from Meta,,,,,,,scrapling_instagram_profile,2026-04-13T02:20:35.219946,,False,neutral,0.858,0.0,
instagram,comment,DWs_NkAEYfE_c7,DWs_NkAEYfE,https://www.instagram.com/jayakumar_udumalaipettai/p/DWs_NkAEYfE/,unknown,,Terms,,,,,,,scrapling_instagram_profile,2026-04-13T02:20:35.219946,,False,neutral,0.4318,0.0,
instagram,comment,DWs_NkAEYfE_c8,DWs_NkAEYfE,https://www.instagram.com/jayakumar_udumalaipettai/p/DWs_NkAEYfE/,unknown,,Meta AI,,,,,,,scrapling_instagram_profile,2026-04-13T02:20:35.219946,,False,neutral,0.5725,0.0,
instagram,comment,DWs_NkAEYfE_c9,DWs_NkAEYfE,https://www.instagram.com/jayakumar_udumalaipettai/p/DWs_NkAEYfE/,unknown,,Meta,,,,,,,scrapling_instagram_profile,2026-04-13T02:20:35.219946,,False,neutral,0.4202,0.0,
instagram,comment,DWs_NkAEYfE_c10,DWs_NkAEYfE,https://www.instagram.com/jayakumar_udumalaipettai/p/DWs_NkAEYfE/,unknown,,Privacy,,,,,,,scrapling_instagram_profile,2026-04-13T02:20:35.219946,,False,neutral,0.4321,0.0,
instagram,comment,DWs_NkAEYfE_c11,DWs_NkAEYfE,https://www.instagram.com/jayakumar_udumalaipettai/p/DWs_NkAEYfE/,unknown,,Start the conversation.,,,,,,,scrapling_instagram_profile,2026-04-13T02:20:35.219946,,False,neutral,0.6209,0.0,
instagram,comment,DWs_NkAEYfE_c12,DWs_NkAEYfE,https://www.instagram.com/jayakumar_udumalaipettai/p/DWs_NkAEYfE/,unknown,,Messages,,,,,,,scrapling_instagram_profile,2026-04-13T02:20:35.219946,,False,neutral,0.4,0.0,
instagram,comment,DWs_NkAEYfE_c13,DWs_NkAEYfE,https://www.instagram.com/jayakumar_udumalaipettai/p/DWs_NkAEYfE/,unknown,,Threads,,,,,,,scrapling_instagram_profile,2026-04-13T02:20:35.219946,,False,neutral,0.4742,0.0,
instagram,comment,DWs_NkAEYfE_c14,DWs_NkAEYfE,https://www.instagram.com/jayakumar_udumalaipettai/p/DWs_NkAEYfE/,unknown,,Instagram Lite,,,,,,,scrapling_instagram_profile,2026-04-13T02:20:35.219946,,False,neutral,0.485,0.0,
instagram,comment,DWs_NkAEYfE_c15,DWs_NkAEYfE,https://www.instagram.com/jayakumar_udumalaipettai/p/DWs_NkAEYfE/,unknown,,Jobs,,,,,,,scrapling_instagram_profile,2026-04-13T02:20:35.219946,,False,neutral,0.4222,0.0,
instagram,comment,DWs_NkAEYfE_c16,DWs_NkAEYfE,https://www.instagram.com/jayakumar_udumalaipettai/p/DWs_NkAEYfE/,unknown,,Locations,,,,,,,scrapling_instagram_profile,2026-04-13T02:20:35.219946,,False,neutral,0.4433,0.0,
instagram,comment,DWstvuvkTwr_c0,DWstvuvkTwr,https://www.instagram.com/jayakumar_udumalaipettai/p/DWstvuvkTwr/,unknown,,Meta Verified,,,,,,,scrapling_instagram_profile,2026-04-13T02:20:38.831966,,False,neutral,0.5443,0.0,
instagram,comment,DWstvuvkTwr_c1,DWstvuvkTwr,https://www.instagram.com/jayakumar_udumalaipettai/p/DWstvuvkTwr/,unknown,,English,,,,,,,scrapling_instagram_profile,2026-04-13T02:20:38.831966,,False,neutral,0.3784,0.0,
instagram,comment,DWstvuvkTwr_c2,DWstvuvkTwr,https://www.instagram.com/jayakumar_udumalaipettai/p/DWstvuvkTwr/,unknown,,Contact Uploading & Non-Users,,,,,,,scrapling_instagram_profile,2026-04-13T02:20:38.831966,,False,neutral,0.9056,0.0,
instagram,comment,DWstvuvkTwr_c3,DWstvuvkTwr,https://www.instagram.com/jayakumar_udumalaipettai/p/DWstvuvkTwr/,unknown,,About,,,,,,,scrapling_instagram_profile,2026-04-13T02:20:38.831966,,False,neutral,0.425,0.0,
instagram,comment,DWstvuvkTwr_c4,DWstvuvkTwr,https://www.instagram.com/jayakumar_udumalaipettai/p/DWstvuvkTwr/,unknown,,Help,,,,,,,scrapling_instagram_profile,2026-04-13T02:20:38.831966,,False,negative,0.3877,0.0,
instagram,comment,DWstvuvkTwr_c5,DWstvuvkTwr,https://www.instagram.com/jayakumar_udumalaipettai/p/DWstvuvkTwr/,unknown,,Blog,,,,,,,scrapling_instagram_profile,2026-04-13T02:20:38.831966,,False,neutral,0.428,0.0,
instagram,comment,DWstvuvkTwr_c6,DWstvuvkTwr,https://www.instagram.com/jayakumar_udumalaipettai/p/DWstvuvkTwr/,unknown,,© 2026 Instagram from Meta,,,,,,,scrapling_instagram_profile,2026-04-13T02:20:38.831966,,False,neutral,0.858,0.0,
instagram,comment,DWstvuvkTwr_c7,DWstvuvkTwr,https://www.instagram.com/jayakumar_udumalaipettai/p/DWstvuvkTwr/,unknown,,Terms,,,,,,,scrapling_instagram_profile,2026-04-13T02:20:38.831966,,False,neutral,0.4318,0.0,
instagram,comment,DWstvuvkTwr_c8,DWstvuvkTwr,https://www.instagram.com/jayakumar_udumalaipettai/p/DWstvuvkTwr/,unknown,,Meta AI,,,,,,,scrapling_instagram_profile,2026-04-13T02:20:38.831966,,False,neutral,0.5725,0.0,
instagram,comment,DWstvuvkTwr_c9,DWstvuvkTwr,https://www.instagram.com/jayakumar_udumalaipettai/p/DWstvuvkTwr/,unknown,,Meta,,,,,,,scrapling_instagram_profile,2026-04-13T02:20:38.831966,,False,neutral,0.4202,0.0,
instagram,comment,DWstvuvkTwr_c10,DWstvuvkTwr,https://www.instagram.com/jayakumar_udumalaipettai/p/DWstvuvkTwr/,unknown,,Privacy,,,,,,,scrapling_instagram_profile,2026-04-13T02:20:38.831966,,False,neutral,0.4321,0.0,
instagram,comment,DWstvuvkTwr_c11,DWstvuvkTwr,https://www.instagram.com/jayakumar_udumalaipettai/p/DWstvuvkTwr/,unknown,,Start the conversation.,,,,,,,scrapling_instagram_profile,2026-04-13T02:20:38.831966,,False,neutral,0.6209,0.0,
instagram,comment,DWstvuvkTwr_c12,DWstvuvkTwr,https://www.instagram.com/jayakumar_udumalaipettai/p/DWstvuvkTwr/,unknown,,Messages,,,,,,,scrapling_instagram_profile,2026-04-13T02:20:38.831966,,False,neutral,0.4,0.0,
instagram,comment,DWstvuvkTwr_c13,DWstvuvkTwr,https://www.instagram.com/jayakumar_udumalaipettai/p/DWstvuvkTwr/,unknown,,Threads,,,,,,,scrapling_instagram_profile,2026-04-13T02:20:38.831966,,False,neutral,0.4742,0.0,
instagram,comment,DWstvuvkTwr_c14,DWstvuvkTwr,https://www.instagram.com/jayakumar_udumalaipettai/p/DWstvuvkTwr/,unknown,,Instagram Lite,,,,,,,scrapling_instagram_profile,2026-04-13T02:20:38.831966,,False,neutral,0.485,0.0,
instagram,comment,DWstvuvkTwr_c15,DWstvuvkTwr,https://www.instagram.com/jayakumar_udumalaipettai/p/DWstvuvkTwr/,unknown,,Jobs,,,,,,,scrapling_instagram_profile,2026-04-13T02:20:38.831966,,False,neutral,0.4222,0.0,
instagram,comment,DWstvuvkTwr_c16,DWstvuvkTwr,https://www.instagram.com/jayakumar_udumalaipettai/p/DWstvuvkTwr/,unknown,,Locations,,,,,,,scrapling_instagram_profile,2026-04-13T02:20:38.831966,,False,neutral,0.4433,0.0,
instagram,comment,DWsjoWFERep_c0,DWsjoWFERep,https://www.instagram.com/jayakumar_udumalaipettai/reel/DWsjoWFERep/,unknown,,Meta Verified,,,,,,,scrapling_instagram_profile,2026-04-13T02:20:42.670704,,False,neutral,0.5443,0.0,
instagram,comment,DWsjoWFERep_c1,DWsjoWFERep,https://www.instagram.com/jayakumar_udumalaipettai/reel/DWsjoWFERep/,unknown,,English,,,,,,,scrapling_instagram_profile,2026-04-13T02:20:42.670704,,False,neutral,0.3784,0.0,
instagram,comment,DWsjoWFERep_c2,DWsjoWFERep,https://www.instagram.com/jayakumar_udumalaipettai/reel/DWsjoWFERep/,unknown,,Contact Uploading & Non-Users,,,,,,,scrapling_instagram_profile,2026-04-13T02:20:42.670704,,False,neutral,0.9056,0.0,
instagram,comment,DWsjoWFERep_c3,DWsjoWFERep,https://www.instagram.com/jayakumar_udumalaipettai/reel/DWsjoWFERep/,unknown,,About,,,,,,,scrapling_instagram_profile,2026-04-13T02:20:42.670704,,False,neutral,0.425,0.0,
instagram,comment,DWsjoWFERep_c4,DWsjoWFERep,https://www.instagram.com/jayakumar_udumalaipettai/reel/DWsjoWFERep/,unknown,,Help,,,,,,,scrapling_instagram_profile,2026-04-13T02:20:42.670704,,False,negative,0.3877,0.0,
instagram,comment,DWsjoWFERep_c5,DWsjoWFERep,https://www.instagram.com/jayakumar_udumalaipettai/reel/DWsjoWFERep/,unknown,,Blog,,,,,,,scrapling_instagram_profile,2026-04-13T02:20:42.670704,,False,neutral,0.428,0.0,
instagram,comment,DWsjoWFERep_c6,DWsjoWFERep,https://www.instagram.com/jayakumar_udumalaipettai/reel/DWsjoWFERep/,unknown,,© 2026 Instagram from Meta,,,,,,,scrapling_instagram_profile,2026-04-13T02:20:42.670704,,False,neutral,0.858,0.0,
instagram,comment,DWsjoWFERep_c7,DWsjoWFERep,https://www.instagram.com/jayakumar_udumalaipettai/reel/DWsjoWFERep/,unknown,,Terms,,,,,,,scrapling_instagram_profile,2026-04-13T02:20:42.670704,,False,neutral,0.4318,0.0,
instagram,comment,DWsjoWFERep_c8,DWsjoWFERep,https://www.instagram.com/jayakumar_udumalaipettai/reel/DWsjoWFERep/,unknown,,Meta AI,,,,,,,scrapling_instagram_profile,2026-04-13T02:20:42.670704,,False,neutral,0.5725,0.0,
instagram,comment,DWsjoWFERep_c9,DWsjoWFERep,https://www.instagram.com/jayakumar_udumalaipettai/reel/DWsjoWFERep/,unknown,,Meta,,,,,,,scrapling_instagram_profile,2026-04-13T02:20:42.670704,,False,neutral,0.4202,0.0,
instagram,comment,DWsjoWFERep_c10,DWsjoWFERep,https://www.instagram.com/jayakumar_udumalaipettai/reel/DWsjoWFERep/,unknown,,Privacy,,,,,,,scrapling_instagram_profile,2026-04-13T02:20:42.670704,,False,neutral,0.4321,0.0,
instagram,comment,DWsjoWFERep_c11,DWsjoWFERep,https://www.instagram.com/jayakumar_udumalaipettai/reel/DWsjoWFERep/,unknown,,Messages,,,,,,,scrapling_instagram_profile,2026-04-13T02:20:42.670704,,False,neutral,0.4,0.0,
instagram,comment,DWsjoWFERep_c12,DWsjoWFERep,https://www.instagram.com/jayakumar_udumalaipettai/reel/DWsjoWFERep/,unknown,,எங்கள் உடுமலை வெற்றி வேட்பாளர் ஜெயக்குமார் அண்ணா வாழ்த்துக்கள்,,,,,,,scrapling_instagram_profile,2026-04-13T02:20:42.670704,,False,positive,0.6267,0.0,
instagram,comment,DWsjoWFERep_c13,DWsjoWFERep,https://www.instagram.com/jayakumar_udumalaipettai/reel/DWsjoWFERep/,unknown,,Threads,,,,,,,scrapling_instagram_profile,2026-04-13T02:20:42.670704,,False,neutral,0.4742,0.0,
instagram,comment,DWsjoWFERep_c14,DWsjoWFERep,https://www.instagram.com/jayakumar_udumalaipettai/reel/DWsjoWFERep/,unknown,,Instagram Lite,,,,,,,scrapling_instagram_profile,2026-04-13T02:20:42.670704,,False,neutral,0.485,0.0,
instagram,comment,DWsjoWFERep_c15,DWsjoWFERep,https://www.instagram.com/jayakumar_udumalaipettai/reel/DWsjoWFERep/,unknown,,Jobs,,,,,,,scrapling_instagram_profile,2026-04-13T02:20:42.670704,,False,neutral,0.4222,0.0,
instagram,comment,DWsjoWFERep_c16,DWsjoWFERep,https://www.instagram.com/jayakumar_udumalaipettai/reel/DWsjoWFERep/,unknown,,Locations,,,,,,,scrapling_instagram_profile,2026-04-13T02:20:42.670704,,False,neutral,0.4433,0.0,
instagram,comment,DWrQLokEZrH_c0,DWrQLokEZrH,https://www.instagram.com/jayakumar_udumalaipettai/p/DWrQLokEZrH/,unknown,,Blog,,,,,,,scrapling_instagram_profile,2026-04-13T02:20:46.187069,,False,neutral,0.428,0.0,
instagram,comment,DWrQLokEZrH_c1,DWrQLokEZrH,https://www.instagram.com/jayakumar_udumalaipettai/p/DWrQLokEZrH/,unknown,,Terms,,,,,,,scrapling_instagram_profile,2026-04-13T02:20:46.187069,,False,neutral,0.4318,0.0,
instagram,comment,DWrQLokEZrH_c2,DWrQLokEZrH,https://www.instagram.com/jayakumar_udumalaipettai/p/DWrQLokEZrH/,unknown,,Locations,,,,,,,scrapling_instagram_profile,2026-04-13T02:20:46.187069,,False,neutral,0.4433,0.0,
instagram,comment,DWrQLokEZrH_c3,DWrQLokEZrH,https://www.instagram.com/jayakumar_udumalaipettai/p/DWrQLokEZrH/,unknown,,udumalaimjayakumar,,,,,,,scrapling_instagram_profile,2026-04-13T02:20:46.187069,,False,negative,0.3486,0.0,
instagram,comment,DWrQLokEZrH_c4,DWrQLokEZrH,https://www.instagram.com/jayakumar_udumalaipettai/p/DWrQLokEZrH/,unknown,,About,,,,,,,scrapling_instagram_profile,2026-04-13T02:20:46.187069,,False,neutral,0.425,0.0,
instagram,comment,DWrQLokEZrH_c5,DWrQLokEZrH,https://www.instagram.com/jayakumar_udumalaipettai/p/DWrQLokEZrH/,unknown,,Messages,,,,,,,scrapling_instagram_profile,2026-04-13T02:20:46.187069,,False,neutral,0.4,0.0,
instagram,comment,DWrQLokEZrH_c6,DWrQLokEZrH,https://www.instagram.com/jayakumar_udumalaipettai/p/DWrQLokEZrH/,unknown,,🖤❤️🔥🔥,,,,,,,scrapling_instagram_profile,2026-04-13T02:20:46.187069,,False,positive,0.5794,0.0,
instagram,comment,DWrQLokEZrH_c7,DWrQLokEZrH,https://www.instagram.com/jayakumar_udumalaipettai/p/DWrQLokEZrH/,unknown,,Contact Uploading & Non-Users,,,,,,,scrapling_instagram_profile,2026-04-13T02:20:46.187069,,False,neutral,0.9056,0.0,
instagram,comment,DWrQLokEZrH_c8,DWrQLokEZrH,https://www.instagram.com/jayakumar_udumalaipettai/p/DWrQLokEZrH/,unknown,,Meta AI,,,,,,,scrapling_instagram_profile,2026-04-13T02:20:46.187069,,False,neutral,0.5725,0.0,
instagram,comment,DWrQLokEZrH_c9,DWrQLokEZrH,https://www.instagram.com/jayakumar_udumalaipettai/p/DWrQLokEZrH/,unknown,,Privacy,,,,,,,scrapling_instagram_profile,2026-04-13T02:20:46.187069,,False,neutral,0.4321,0.0,
instagram,comment,DWrQLokEZrH_c10,DWrQLokEZrH,https://www.instagram.com/jayakumar_udumalaipettai/p/DWrQLokEZrH/,unknown,,srajesh3547,,,,,,,scrapling_instagram_profile,2026-04-13T02:20:46.187069,,False,neutral,0.4458,0.0,
instagram,comment,DWrQLokEZrH_c11,DWrQLokEZrH,https://www.instagram.com/jayakumar_udumalaipettai/p/DWrQLokEZrH/,unknown,,Meta Verified,,,,,,,scrapling_instagram_profile,2026-04-13T02:20:46.187069,,False,neutral,0.5443,0.0,
instagram,comment,DWrQLokEZrH_c12,DWrQLokEZrH,https://www.instagram.com/jayakumar_udumalaipettai/p/DWrQLokEZrH/,unknown,,English,,,,,,,scrapling_instagram_profile,2026-04-13T02:20:46.187069,,False,neutral,0.3784,0.0,
instagram,comment,DWrQLokEZrH_c13,DWrQLokEZrH,https://www.instagram.com/jayakumar_udumalaipettai/p/DWrQLokEZrH/,unknown,,Help,,,,,,,scrapling_instagram_profile,2026-04-13T02:20:46.187069,,False,negative,0.3877,0.0,
instagram,comment,DWrQLokEZrH_c14,DWrQLokEZrH,https://www.instagram.com/jayakumar_udumalaipettai/p/DWrQLokEZrH/,unknown,,Meta,,,,,,,scrapling_instagram_profile,2026-04-13T02:20:46.187069,,False,neutral,0.4202,0.0,
instagram,comment,DWrQLokEZrH_c15,DWrQLokEZrH,https://www.instagram.com/jayakumar_udumalaipettai/p/DWrQLokEZrH/,unknown,,Threads,,,,,,,scrapling_instagram_profile,2026-04-13T02:20:46.187069,,False,neutral,0.4742,0.0,
instagram,comment,DWrQLokEZrH_c16,DWrQLokEZrH,https://www.instagram.com/jayakumar_udumalaipettai/p/DWrQLokEZrH/,unknown,,Instagram Lite,,,,,,,scrapling_instagram_profile,2026-04-13T02:20:46.187069,,False,neutral,0.485,0.0,
instagram,comment,DWrQLokEZrH_c17,DWrQLokEZrH,https://www.instagram.com/jayakumar_udumalaipettai/p/DWrQLokEZrH/,unknown,,Jobs,,,,,,,scrapling_instagram_profile,2026-04-13T02:20:46.187069,,False,neutral,0.4222,0.0,
instagram,comment,DWrQLokEZrH_c18,DWrQLokEZrH,https://www.instagram.com/jayakumar_udumalaipettai/p/DWrQLokEZrH/,unknown,,© 2026 Instagram from Meta,,,,,,,scrapling_instagram_profile,2026-04-13T02:20:46.187069,,False,neutral,0.858,0.0,
instagram,comment,DWrAsRsE-vg_c0,DWrAsRsE-vg,https://www.instagram.com/jayakumar_udumalaipettai/p/DWrAsRsE-vg/,unknown,,Meta Verified,,,,,,,scrapling_instagram_profile,2026-04-13T02:20:49.549869,,False,neutral,0.5443,0.0,
instagram,comment,DWrAsRsE-vg_c1,DWrAsRsE-vg,https://www.instagram.com/jayakumar_udumalaipettai/p/DWrAsRsE-vg/,unknown,,English,,,,,,,scrapling_instagram_profile,2026-04-13T02:20:49.549869,,False,neutral,0.3784,0.0,
instagram,comment,DWrAsRsE-vg_c2,DWrAsRsE-vg,https://www.instagram.com/jayakumar_udumalaipettai/p/DWrAsRsE-vg/,unknown,,Contact Uploading & Non-Users,,,,,,,scrapling_instagram_profile,2026-04-13T02:20:49.549869,,False,neutral,0.9056,0.0,
instagram,comment,DWrAsRsE-vg_c3,DWrAsRsE-vg,https://www.instagram.com/jayakumar_udumalaipettai/p/DWrAsRsE-vg/,unknown,,About,,,,,,,scrapling_instagram_profile,2026-04-13T02:20:49.549869,,False,neutral,0.425,0.0,
instagram,comment,DWrAsRsE-vg_c4,DWrAsRsE-vg,https://www.instagram.com/jayakumar_udumalaipettai/p/DWrAsRsE-vg/,unknown,,Help,,,,,,,scrapling_instagram_profile,2026-04-13T02:20:49.549869,,False,negative,0.3877,0.0,
instagram,comment,DWrAsRsE-vg_c5,DWrAsRsE-vg,https://www.instagram.com/jayakumar_udumalaipettai/p/DWrAsRsE-vg/,unknown,,Blog,,,,,,,scrapling_instagram_profile,2026-04-13T02:20:49.549869,,False,neutral,0.428,0.0,
instagram,comment,DWrAsRsE-vg_c6,DWrAsRsE-vg,https://www.instagram.com/jayakumar_udumalaipettai/p/DWrAsRsE-vg/,unknown,,© 2026 Instagram from Meta,,,,,,,scrapling_instagram_profile,2026-04-13T02:20:49.549869,,False,neutral,0.858,0.0,
instagram,comment,DWrAsRsE-vg_c7,DWrAsRsE-vg,https://www.instagram.com/jayakumar_udumalaipettai/p/DWrAsRsE-vg/,unknown,,Terms,,,,,,,scrapling_instagram_profile,2026-04-13T02:20:49.549869,,False,neutral,0.4318,0.0,
instagram,comment,DWrAsRsE-vg_c8,DWrAsRsE-vg,https://www.instagram.com/jayakumar_udumalaipettai/p/DWrAsRsE-vg/,unknown,,Meta AI,,,,,,,scrapling_instagram_profile,2026-04-13T02:20:49.549869,,False,neutral,0.5725,0.0,
instagram,comment,DWrAsRsE-vg_c9,DWrAsRsE-vg,https://www.instagram.com/jayakumar_udumalaipettai/p/DWrAsRsE-vg/,unknown,,Meta,,,,,,,scrapling_instagram_profile,2026-04-13T02:20:49.549869,,False,neutral,0.4202,0.0,
instagram,comment,DWrAsRsE-vg_c10,DWrAsRsE-vg,https://www.instagram.com/jayakumar_udumalaipettai/p/DWrAsRsE-vg/,unknown,,Privacy,,,,,,,scrapling_instagram_profile,2026-04-13T02:20:49.549869,,False,neutral,0.4321,0.0,
instagram,comment,DWrAsRsE-vg_c11,DWrAsRsE-vg,https://www.instagram.com/jayakumar_udumalaipettai/p/DWrAsRsE-vg/,unknown,,Start the conversation.,,,,,,,scrapling_instagram_profile,2026-04-13T02:20:49.549869,,False,neutral,0.6209,0.0,
instagram,comment,DWrAsRsE-vg_c12,DWrAsRsE-vg,https://www.instagram.com/jayakumar_udumalaipettai/p/DWrAsRsE-vg/,unknown,,Messages,,,,,,,scrapling_instagram_profile,2026-04-13T02:20:49.549869,,False,neutral,0.4,0.0,
instagram,comment,DWrAsRsE-vg_c13,DWrAsRsE-vg,https://www.instagram.com/jayakumar_udumalaipettai/p/DWrAsRsE-vg/,unknown,,Threads,,,,,,,scrapling_instagram_profile,2026-04-13T02:20:49.549869,,False,neutral,0.4742,0.0,
instagram,comment,DWrAsRsE-vg_c14,DWrAsRsE-vg,https://www.instagram.com/jayakumar_udumalaipettai/p/DWrAsRsE-vg/,unknown,,Instagram Lite,,,,,,,scrapling_instagram_profile,2026-04-13T02:20:49.549869,,False,neutral,0.485,0.0,
instagram,comment,DWrAsRsE-vg_c15,DWrAsRsE-vg,https://www.instagram.com/jayakumar_udumalaipettai/p/DWrAsRsE-vg/,unknown,,Jobs,,,,,,,scrapling_instagram_profile,2026-04-13T02:20:49.549869,,False,neutral,0.4222,0.0,
instagram,comment,DWrAsRsE-vg_c16,DWrAsRsE-vg,https://www.instagram.com/jayakumar_udumalaipettai/p/DWrAsRsE-vg/,unknown,,Locations,,,,,,,scrapling_instagram_profile,2026-04-13T02:20:49.549869,,False,neutral,0.4433,0.0,
instagram,comment,DWq-PjiExLa_c0,DWq-PjiExLa,https://www.instagram.com/jayakumar_udumalaipettai/reel/DWq-PjiExLa/,unknown,,Blog,,,,,,,scrapling_instagram_profile,2026-04-13T02:20:53.267168,,False,neutral,0.428,0.0,
instagram,comment,DWq-PjiExLa_c1,DWq-PjiExLa,https://www.instagram.com/jayakumar_udumalaipettai/reel/DWq-PjiExLa/,unknown,,Terms,,,,,,,scrapling_instagram_profile,2026-04-13T02:20:53.267168,,False,neutral,0.4318,0.0,
instagram,comment,DWq-PjiExLa_c2,DWq-PjiExLa,https://www.instagram.com/jayakumar_udumalaipettai/reel/DWq-PjiExLa/,unknown,,Locations,,,,,,,scrapling_instagram_profile,2026-04-13T02:20:53.267168,,False,neutral,0.4433,0.0,
instagram,comment,DWq-PjiExLa_c3,DWq-PjiExLa,https://www.instagram.com/jayakumar_udumalaipettai/reel/DWq-PjiExLa/,unknown,,About,,,,,,,scrapling_instagram_profile,2026-04-13T02:20:53.267168,,False,neutral,0.425,0.0,
instagram,comment,DWq-PjiExLa_c4,DWq-PjiExLa,https://www.instagram.com/jayakumar_udumalaipettai/reel/DWq-PjiExLa/,unknown,,This reel has 1 comment from Facebook.,,,,,,,scrapling_instagram_profile,2026-04-13T02:20:53.267168,,False,neutral,0.7846,0.0,
instagram,comment,DWq-PjiExLa_c5,DWq-PjiExLa,https://www.instagram.com/jayakumar_udumalaipettai/reel/DWq-PjiExLa/,unknown,,Messages,,,,,,,scrapling_instagram_profile,2026-04-13T02:20:53.267168,,False,neutral,0.4,0.0,
instagram,comment,DWq-PjiExLa_c6,DWq-PjiExLa,https://www.instagram.com/jayakumar_udumalaipettai/reel/DWq-PjiExLa/,unknown,,Contact Uploading & Non-Users,,,,,,,scrapling_instagram_profile,2026-04-13T02:20:53.267168,,False,neutral,0.9056,0.0,
instagram,comment,DWq-PjiExLa_c7,DWq-PjiExLa,https://www.instagram.com/jayakumar_udumalaipettai/reel/DWq-PjiExLa/,unknown,,Meta AI,,,,,,,scrapling_instagram_profile,2026-04-13T02:20:53.267168,,False,neutral,0.5725,0.0,
instagram,comment,DWq-PjiExLa_c8,DWq-PjiExLa,https://www.instagram.com/jayakumar_udumalaipettai/reel/DWq-PjiExLa/,unknown,,Privacy,,,,,,,scrapling_instagram_profile,2026-04-13T02:20:53.267168,,False,neutral,0.4321,0.0,
instagram,comment,DWq-PjiExLa_c9,DWq-PjiExLa,https://www.instagram.com/jayakumar_udumalaipettai/reel/DWq-PjiExLa/,unknown,,vigneshkumar7459,,,,,,,scrapling_instagram_profile,2026-04-13T02:20:53.267168,,False,neutral,0.3999,0.0,
instagram,comment,DWq-PjiExLa_c10,DWq-PjiExLa,https://www.instagram.com/jayakumar_udumalaipettai/reel/DWq-PjiExLa/,unknown,,Meta Verified,,,,,,,scrapling_instagram_profile,2026-04-13T02:20:53.267168,,False,neutral,0.5443,0.0,
instagram,comment,DWq-PjiExLa_c11,DWq-PjiExLa,https://www.instagram.com/jayakumar_udumalaipettai/reel/DWq-PjiExLa/,unknown,,English,,,,,,,scrapling_instagram_profile,2026-04-13T02:20:53.267168,,False,neutral,0.3784,0.0,
instagram,comment,DWq-PjiExLa_c12,DWq-PjiExLa,https://www.instagram.com/jayakumar_udumalaipettai/reel/DWq-PjiExLa/,unknown,,Help,,,,,,,scrapling_instagram_profile,2026-04-13T02:20:53.267168,,False,negative,0.3877,0.0,
instagram,comment,DWq-PjiExLa_c13,DWq-PjiExLa,https://www.instagram.com/jayakumar_udumalaipettai/reel/DWq-PjiExLa/,unknown,,அப்படியே பிரச்சினை சொல்லிட்டா உடனே கிழிச்சுருவானுங்க,,,,,,,scrapling_instagram_profile,2026-04-13T02:20:53.267168,,False,negative,0.658,0.0,
instagram,comment,DWq-PjiExLa_c14,DWq-PjiExLa,https://www.instagram.com/jayakumar_udumalaipettai/reel/DWq-PjiExLa/,unknown,,Meta,,,,,,,scrapling_instagram_profile,2026-04-13T02:20:53.267168,,False,neutral,0.4202,0.0,
instagram,comment,DWq-PjiExLa_c15,DWq-PjiExLa,https://www.instagram.com/jayakumar_udumalaipettai/reel/DWq-PjiExLa/,unknown,,Threads,,,,,,,scrapling_instagram_profile,2026-04-13T02:20:53.267168,,False,neutral,0.4742,0.0,
instagram,comment,DWq-PjiExLa_c16,DWq-PjiExLa,https://www.instagram.com/jayakumar_udumalaipettai/reel/DWq-PjiExLa/,unknown,,Instagram Lite,,,,,,,scrapling_instagram_profile,2026-04-13T02:20:53.267168,,False,neutral,0.485,0.0,
instagram,comment,DWq-PjiExLa_c17,DWq-PjiExLa,https://www.instagram.com/jayakumar_udumalaipettai/reel/DWq-PjiExLa/,unknown,,Jobs,,,,,,,scrapling_instagram_profile,2026-04-13T02:20:53.267168,,False,neutral,0.4222,0.0,
instagram,comment,DWq-PjiExLa_c18,DWq-PjiExLa,https://www.instagram.com/jayakumar_udumalaipettai/reel/DWq-PjiExLa/,unknown,,© 2026 Instagram from Meta,,,,,,,scrapling_instagram_profile,2026-04-13T02:20:53.267168,,False,neutral,0.858,0.0,
instagram,comment,DWqvKH1E1Ly_c0,DWqvKH1E1Ly,https://www.instagram.com/jayakumar_udumalaipettai/reel/DWqvKH1E1Ly/,unknown,,Blog,,,,,,,scrapling_instagram_profile,2026-04-13T02:20:56.870874,,False,neutral,0.428,0.0,
instagram,comment,DWqvKH1E1Ly_c1,DWqvKH1E1Ly,https://www.instagram.com/jayakumar_udumalaipettai/reel/DWqvKH1E1Ly/,unknown,,Terms,,,,,,,scrapling_instagram_profile,2026-04-13T02:20:56.870874,,False,neutral,0.4318,0.0,
instagram,comment,DWqvKH1E1Ly_c2,DWqvKH1E1Ly,https://www.instagram.com/jayakumar_udumalaipettai/reel/DWqvKH1E1Ly/,unknown,,Locations,,,,,,,scrapling_instagram_profile,2026-04-13T02:20:56.870874,,False,neutral,0.4433,0.0,
instagram,comment,DWqvKH1E1Ly_c3,DWqvKH1E1Ly,https://www.instagram.com/jayakumar_udumalaipettai/reel/DWqvKH1E1Ly/,unknown,,udumalaimjayakumar,,,,,,,scrapling_instagram_profile,2026-04-13T02:20:56.870874,,False,negative,0.3486,0.0,
instagram,comment,DWqvKH1E1Ly_c4,DWqvKH1E1Ly,https://www.instagram.com/jayakumar_udumalaipettai/reel/DWqvKH1E1Ly/,unknown,,About,,,,,,,scrapling_instagram_profile,2026-04-13T02:20:56.870874,,False,neutral,0.425,0.0,
instagram,comment,DWqvKH1E1Ly_c5,DWqvKH1E1Ly,https://www.instagram.com/jayakumar_udumalaipettai/reel/DWqvKH1E1Ly/,unknown,,🌱🌱🌱🌱🌱🌱🌱🌱🌱🌱🌱🌱✌️✌️✌️✌️✌️✌️,,,,,,,scrapling_instagram_profile,2026-04-13T02:20:56.870874,,False,neutral,0.4178,0.0,
instagram,comment,DWqvKH1E1Ly_c6,DWqvKH1E1Ly,https://www.instagram.com/jayakumar_udumalaipettai/reel/DWqvKH1E1Ly/,unknown,,Messages,,,,,,,scrapling_instagram_profile,2026-04-13T02:20:56.870874,,False,neutral,0.4,0.0,
instagram,comment,DWqvKH1E1Ly_c7,DWqvKH1E1Ly,https://www.instagram.com/jayakumar_udumalaipettai/reel/DWqvKH1E1Ly/,unknown,,Contact Uploading & Non-Users,,,,,,,scrapling_instagram_profile,2026-04-13T02:20:56.870874,,False,neutral,0.9056,0.0,
instagram,comment,DWqvKH1E1Ly_c8,DWqvKH1E1Ly,https://www.instagram.com/jayakumar_udumalaipettai/reel/DWqvKH1E1Ly/,unknown,,Meta AI,,,,,,,scrapling_instagram_profile,2026-04-13T02:20:56.870874,,False,neutral,0.5725,0.0,
instagram,comment,DWqvKH1E1Ly_c9,DWqvKH1E1Ly,https://www.instagram.com/jayakumar_udumalaipettai/reel/DWqvKH1E1Ly/,unknown,,Privacy,,,,,,,scrapling_instagram_profile,2026-04-13T02:20:56.870874,,False,neutral,0.4321,0.0,
instagram,comment,DWqvKH1E1Ly_c10,DWqvKH1E1Ly,https://www.instagram.com/jayakumar_udumalaipettai/reel/DWqvKH1E1Ly/,unknown,,Meta Verified,,,,,,,scrapling_instagram_profile,2026-04-13T02:20:56.870874,,False,neutral,0.5443,0.0,
instagram,comment,DWqvKH1E1Ly_c11,DWqvKH1E1Ly,https://www.instagram.com/jayakumar_udumalaipettai/reel/DWqvKH1E1Ly/,unknown,,English,,,,,,,scrapling_instagram_profile,2026-04-13T02:20:56.870874,,False,neutral,0.3784,0.0,
instagram,comment,DWqvKH1E1Ly_c12,DWqvKH1E1Ly,https://www.instagram.com/jayakumar_udumalaipettai/reel/DWqvKH1E1Ly/,unknown,,Help,,,,,,,scrapling_instagram_profile,2026-04-13T02:20:56.870874,,False,negative,0.3877,0.0,
instagram,comment,DWqvKH1E1Ly_c13,DWqvKH1E1Ly,https://www.instagram.com/jayakumar_udumalaipettai/reel/DWqvKH1E1Ly/,unknown,,",🌱🌱🌱🌱🌱🌱🌱🌱🌱🌱🌱",,,,,,,scrapling_instagram_profile,2026-04-13T02:20:56.870874,,False,neutral,0.4138,0.0,
instagram,comment,DWqvKH1E1Ly_c14,DWqvKH1E1Ly,https://www.instagram.com/jayakumar_udumalaipettai/reel/DWqvKH1E1Ly/,unknown,,Meta,,,,,,,scrapling_instagram_profile,2026-04-13T02:20:56.870874,,False,neutral,0.4202,0.0,
instagram,comment,DWqvKH1E1Ly_c15,DWqvKH1E1Ly,https://www.instagram.com/jayakumar_udumalaipettai/reel/DWqvKH1E1Ly/,unknown,,Threads,,,,,,,scrapling_instagram_profile,2026-04-13T02:20:56.870874,,False,neutral,0.4742,0.0,
instagram,comment,DWqvKH1E1Ly_c16,DWqvKH1E1Ly,https://www.instagram.com/jayakumar_udumalaipettai/reel/DWqvKH1E1Ly/,unknown,,Instagram Lite,,,,,,,scrapling_instagram_profile,2026-04-13T02:20:56.870874,,False,neutral,0.485,0.0,
instagram,comment,DWqvKH1E1Ly_c17,DWqvKH1E1Ly,https://www.instagram.com/jayakumar_udumalaipettai/reel/DWqvKH1E1Ly/,unknown,,Jobs,,,,,,,scrapling_instagram_profile,2026-04-13T02:20:56.870874,,False,neutral,0.4222,0.0,
instagram,comment,DWqvKH1E1Ly_c18,DWqvKH1E1Ly,https://www.instagram.com/jayakumar_udumalaipettai/reel/DWqvKH1E1Ly/,unknown,,© 2026 Instagram from Meta,,,,,,,scrapling_instagram_profile,2026-04-13T02:20:56.870874,,False,neutral,0.858,0.0,
instagram,comment,DWqt3azk_2L_c0,DWqt3azk_2L,https://www.instagram.com/jayakumar_udumalaipettai/p/DWqt3azk_2L/,unknown,,Meta Verified,,,,,,,scrapling_instagram_profile,2026-04-13T02:21:00.334226,,False,neutral,0.5443,0.0,
instagram,comment,DWqt3azk_2L_c1,DWqt3azk_2L,https://www.instagram.com/jayakumar_udumalaipettai/p/DWqt3azk_2L/,unknown,,English,,,,,,,scrapling_instagram_profile,2026-04-13T02:21:00.334226,,False,neutral,0.3784,0.0,
instagram,comment,DWqt3azk_2L_c2,DWqt3azk_2L,https://www.instagram.com/jayakumar_udumalaipettai/p/DWqt3azk_2L/,unknown,,Contact Uploading & Non-Users,,,,,,,scrapling_instagram_profile,2026-04-13T02:21:00.334226,,False,neutral,0.9056,0.0,
instagram,comment,DWqt3azk_2L_c3,DWqt3azk_2L,https://www.instagram.com/jayakumar_udumalaipettai/p/DWqt3azk_2L/,unknown,,About,,,,,,,scrapling_instagram_profile,2026-04-13T02:21:00.335236,,False,neutral,0.425,0.0,
instagram,comment,DWqt3azk_2L_c4,DWqt3azk_2L,https://www.instagram.com/jayakumar_udumalaipettai/p/DWqt3azk_2L/,unknown,,Help,,,,,,,scrapling_instagram_profile,2026-04-13T02:21:00.335236,,False,negative,0.3877,0.0,
instagram,comment,DWqt3azk_2L_c5,DWqt3azk_2L,https://www.instagram.com/jayakumar_udumalaipettai/p/DWqt3azk_2L/,unknown,,Blog,,,,,,,scrapling_instagram_profile,2026-04-13T02:21:00.335236,,False,neutral,0.428,0.0,
instagram,comment,DWqt3azk_2L_c6,DWqt3azk_2L,https://www.instagram.com/jayakumar_udumalaipettai/p/DWqt3azk_2L/,unknown,,© 2026 Instagram from Meta,,,,,,,scrapling_instagram_profile,2026-04-13T02:21:00.335236,,False,neutral,0.858,0.0,
instagram,comment,DWqt3azk_2L_c7,DWqt3azk_2L,https://www.instagram.com/jayakumar_udumalaipettai/p/DWqt3azk_2L/,unknown,,Terms,,,,,,,scrapling_instagram_profile,2026-04-13T02:21:00.335236,,False,neutral,0.4318,0.0,
instagram,comment,DWqt3azk_2L_c8,DWqt3azk_2L,https://www.instagram.com/jayakumar_udumalaipettai/p/DWqt3azk_2L/,unknown,,Meta AI,,,,,,,scrapling_instagram_profile,2026-04-13T02:21:00.335236,,False,neutral,0.5725,0.0,
instagram,comment,DWqt3azk_2L_c9,DWqt3azk_2L,https://www.instagram.com/jayakumar_udumalaipettai/p/DWqt3azk_2L/,unknown,,Meta,,,,,,,scrapling_instagram_profile,2026-04-13T02:21:00.335236,,False,neutral,0.4202,0.0,
instagram,comment,DWqt3azk_2L_c10,DWqt3azk_2L,https://www.instagram.com/jayakumar_udumalaipettai/p/DWqt3azk_2L/,unknown,,Privacy,,,,,,,scrapling_instagram_profile,2026-04-13T02:21:00.335236,,False,neutral,0.4321,0.0,
instagram,comment,DWqt3azk_2L_c11,DWqt3azk_2L,https://www.instagram.com/jayakumar_udumalaipettai/p/DWqt3azk_2L/,unknown,,Start the conversation.,,,,,,,scrapling_instagram_profile,2026-04-13T02:21:00.335236,,False,neutral,0.6209,0.0,
instagram,comment,DWqt3azk_2L_c12,DWqt3azk_2L,https://www.instagram.com/jayakumar_udumalaipettai/p/DWqt3azk_2L/,unknown,,Messages,,,,,,,scrapling_instagram_profile,2026-04-13T02:21:00.335236,,False,neutral,0.4,0.0,
instagram,comment,DWqt3azk_2L_c13,DWqt3azk_2L,https://www.instagram.com/jayakumar_udumalaipettai/p/DWqt3azk_2L/,unknown,,Threads,,,,,,,scrapling_instagram_profile,2026-04-13T02:21:00.335236,,False,neutral,0.4742,0.0,
instagram,comment,DWqt3azk_2L_c14,DWqt3azk_2L,https://www.instagram.com/jayakumar_udumalaipettai/p/DWqt3azk_2L/,unknown,,Instagram Lite,,,,,,,scrapling_instagram_profile,2026-04-13T02:21:00.335236,,False,neutral,0.485,0.0,
instagram,comment,DWqt3azk_2L_c15,DWqt3azk_2L,https://www.instagram.com/jayakumar_udumalaipettai/p/DWqt3azk_2L/,unknown,,Jobs,,,,,,,scrapling_instagram_profile,2026-04-13T02:21:00.335236,,False,neutral,0.4222,0.0,
instagram,comment,DWqt3azk_2L_c16,DWqt3azk_2L,https://www.instagram.com/jayakumar_udumalaipettai/p/DWqt3azk_2L/,unknown,,Locations,,,,,,,scrapling_instagram_profile,2026-04-13T02:21:00.335236,,False,neutral,0.4433,0.0,
instagram,comment,DWqjubXE7e6_c0,DWqjubXE7e6,https://www.instagram.com/jayakumar_udumalaipettai/reel/DWqjubXE7e6/,unknown,,Meta Verified,,,,,,,scrapling_instagram_profile,2026-04-13T02:21:04.771816,,False,neutral,0.5443,0.0,
instagram,comment,DWqjubXE7e6_c1,DWqjubXE7e6,https://www.instagram.com/jayakumar_udumalaipettai/reel/DWqjubXE7e6/,unknown,,English,,,,,,,scrapling_instagram_profile,2026-04-13T02:21:04.771816,,False,neutral,0.3784,0.0,
instagram,comment,DWqjubXE7e6_c2,DWqjubXE7e6,https://www.instagram.com/jayakumar_udumalaipettai/reel/DWqjubXE7e6/,unknown,,Contact Uploading & Non-Users,,,,,,,scrapling_instagram_profile,2026-04-13T02:21:04.771816,,False,neutral,0.9056,0.0,
instagram,comment,DWqjubXE7e6_c3,DWqjubXE7e6,https://www.instagram.com/jayakumar_udumalaipettai/reel/DWqjubXE7e6/,unknown,,About,,,,,,,scrapling_instagram_profile,2026-04-13T02:21:04.771816,,False,neutral,0.425,0.0,
instagram,comment,DWqjubXE7e6_c4,DWqjubXE7e6,https://www.instagram.com/jayakumar_udumalaipettai/reel/DWqjubXE7e6/,unknown,,Help,,,,,,,scrapling_instagram_profile,2026-04-13T02:21:04.771816,,False,negative,0.3877,0.0,
instagram,comment,DWqjubXE7e6_c5,DWqjubXE7e6,https://www.instagram.com/jayakumar_udumalaipettai/reel/DWqjubXE7e6/,unknown,,Blog,,,,,,,scrapling_instagram_profile,2026-04-13T02:21:04.771816,,False,neutral,0.428,0.0,
instagram,comment,DWqjubXE7e6_c6,DWqjubXE7e6,https://www.instagram.com/jayakumar_udumalaipettai/reel/DWqjubXE7e6/,unknown,,© 2026 Instagram from Meta,,,,,,,scrapling_instagram_profile,2026-04-13T02:21:04.771816,,False,neutral,0.858,0.0,
instagram,comment,DWqjubXE7e6_c7,DWqjubXE7e6,https://www.instagram.com/jayakumar_udumalaipettai/reel/DWqjubXE7e6/,unknown,,Terms,,,,,,,scrapling_instagram_profile,2026-04-13T02:21:04.771816,,False,neutral,0.4318,0.0,
instagram,comment,DWqjubXE7e6_c8,DWqjubXE7e6,https://www.instagram.com/jayakumar_udumalaipettai/reel/DWqjubXE7e6/,unknown,,Meta AI,,,,,,,scrapling_instagram_profile,2026-04-13T02:21:04.771816,,False,neutral,0.5725,0.0,
instagram,comment,DWqjubXE7e6_c9,DWqjubXE7e6,https://www.instagram.com/jayakumar_udumalaipettai/reel/DWqjubXE7e6/,unknown,,Meta,,,,,,,scrapling_instagram_profile,2026-04-13T02:21:04.771816,,False,neutral,0.4202,0.0,
instagram,comment,DWqjubXE7e6_c10,DWqjubXE7e6,https://www.instagram.com/jayakumar_udumalaipettai/reel/DWqjubXE7e6/,unknown,,Privacy,,,,,,,scrapling_instagram_profile,2026-04-13T02:21:04.771816,,False,neutral,0.4321,0.0,
instagram,comment,DWqjubXE7e6_c11,DWqjubXE7e6,https://www.instagram.com/jayakumar_udumalaipettai/reel/DWqjubXE7e6/,unknown,,Start the conversation.,,,,,,,scrapling_instagram_profile,2026-04-13T02:21:04.771816,,False,neutral,0.6209,0.0,
instagram,comment,DWqjubXE7e6_c12,DWqjubXE7e6,https://www.instagram.com/jayakumar_udumalaipettai/reel/DWqjubXE7e6/,unknown,,Messages,,,,,,,scrapling_instagram_profile,2026-04-13T02:21:04.771816,,False,neutral,0.4,0.0,
instagram,comment,DWqjubXE7e6_c13,DWqjubXE7e6,https://www.instagram.com/jayakumar_udumalaipettai/reel/DWqjubXE7e6/,unknown,,Threads,,,,,,,scrapling_instagram_profile,2026-04-13T02:21:04.771816,,False,neutral,0.4742,0.0,
instagram,comment,DWqjubXE7e6_c14,DWqjubXE7e6,https://www.instagram.com/jayakumar_udumalaipettai/reel/DWqjubXE7e6/,unknown,,Instagram Lite,,,,,,,scrapling_instagram_profile,2026-04-13T02:21:04.771816,,False,neutral,0.485,0.0,
instagram,comment,DWqjubXE7e6_c15,DWqjubXE7e6,https://www.instagram.com/jayakumar_udumalaipettai/reel/DWqjubXE7e6/,unknown,,Jobs,,,,,,,scrapling_instagram_profile,2026-04-13T02:21:04.771816,,False,neutral,0.4222,0.0,
instagram,comment,DWqjubXE7e6_c16,DWqjubXE7e6,https://www.instagram.com/jayakumar_udumalaipettai/reel/DWqjubXE7e6/,unknown,,Locations,,,,,,,scrapling_instagram_profile,2026-04-13T02:21:04.771816,,False,neutral,0.4433,0.0,
instagram,comment,DWqC-sjk36e_c0,DWqC-sjk36e,https://www.instagram.com/jayakumar_udumalaipettai/p/DWqC-sjk36e/,unknown,,Meta Verified,,,,,,,scrapling_instagram_profile,2026-04-13T02:21:08.385784,,False,neutral,0.5443,0.0,
instagram,comment,DWqC-sjk36e_c1,DWqC-sjk36e,https://www.instagram.com/jayakumar_udumalaipettai/p/DWqC-sjk36e/,unknown,,English,,,,,,,scrapling_instagram_profile,2026-04-13T02:21:08.385784,,False,neutral,0.3784,0.0,
instagram,comment,DWqC-sjk36e_c2,DWqC-sjk36e,https://www.instagram.com/jayakumar_udumalaipettai/p/DWqC-sjk36e/,unknown,,Contact Uploading & Non-Users,,,,,,,scrapling_instagram_profile,2026-04-13T02:21:08.385784,,False,neutral,0.9056,0.0,
instagram,comment,DWqC-sjk36e_c3,DWqC-sjk36e,https://www.instagram.com/jayakumar_udumalaipettai/p/DWqC-sjk36e/,unknown,,About,,,,,,,scrapling_instagram_profile,2026-04-13T02:21:08.385784,,False,neutral,0.425,0.0,
instagram,comment,DWqC-sjk36e_c4,DWqC-sjk36e,https://www.instagram.com/jayakumar_udumalaipettai/p/DWqC-sjk36e/,unknown,,Help,,,,,,,scrapling_instagram_profile,2026-04-13T02:21:08.385784,,False,negative,0.3877,0.0,
instagram,comment,DWqC-sjk36e_c5,DWqC-sjk36e,https://www.instagram.com/jayakumar_udumalaipettai/p/DWqC-sjk36e/,unknown,,Blog,,,,,,,scrapling_instagram_profile,2026-04-13T02:21:08.385784,,False,neutral,0.428,0.0,
instagram,comment,DWqC-sjk36e_c6,DWqC-sjk36e,https://www.instagram.com/jayakumar_udumalaipettai/p/DWqC-sjk36e/,unknown,,© 2026 Instagram from Meta,,,,,,,scrapling_instagram_profile,2026-04-13T02:21:08.385784,,False,neutral,0.858,0.0,
instagram,comment,DWqC-sjk36e_c7,DWqC-sjk36e,https://www.instagram.com/jayakumar_udumalaipettai/p/DWqC-sjk36e/,unknown,,Terms,,,,,,,scrapling_instagram_profile,2026-04-13T02:21:08.385784,,False,neutral,0.4318,0.0,
instagram,comment,DWqC-sjk36e_c8,DWqC-sjk36e,https://www.instagram.com/jayakumar_udumalaipettai/p/DWqC-sjk36e/,unknown,,Meta AI,,,,,,,scrapling_instagram_profile,2026-04-13T02:21:08.385784,,False,neutral,0.5725,0.0,
instagram,comment,DWqC-sjk36e_c9,DWqC-sjk36e,https://www.instagram.com/jayakumar_udumalaipettai/p/DWqC-sjk36e/,unknown,,Meta,,,,,,,scrapling_instagram_profile,2026-04-13T02:21:08.385784,,False,neutral,0.4202,0.0,
instagram,comment,DWqC-sjk36e_c10,DWqC-sjk36e,https://www.instagram.com/jayakumar_udumalaipettai/p/DWqC-sjk36e/,unknown,,Privacy,,,,,,,scrapling_instagram_profile,2026-04-13T02:21:08.385784,,False,neutral,0.4321,0.0,
instagram,comment,DWqC-sjk36e_c11,DWqC-sjk36e,https://www.instagram.com/jayakumar_udumalaipettai/p/DWqC-sjk36e/,unknown,,Start the conversation.,,,,,,,scrapling_instagram_profile,2026-04-13T02:21:08.385784,,False,neutral,0.6209,0.0,
instagram,comment,DWqC-sjk36e_c12,DWqC-sjk36e,https://www.instagram.com/jayakumar_udumalaipettai/p/DWqC-sjk36e/,unknown,,Messages,,,,,,,scrapling_instagram_profile,2026-04-13T02:21:08.385784,,False,neutral,0.4,0.0,
instagram,comment,DWqC-sjk36e_c13,DWqC-sjk36e,https://www.instagram.com/jayakumar_udumalaipettai/p/DWqC-sjk36e/,unknown,,Threads,,,,,,,scrapling_instagram_profile,2026-04-13T02:21:08.385784,,False,neutral,0.4742,0.0,
instagram,comment,DWqC-sjk36e_c14,DWqC-sjk36e,https://www.instagram.com/jayakumar_udumalaipettai/p/DWqC-sjk36e/,unknown,,Instagram Lite,,,,,,,scrapling_instagram_profile,2026-04-13T02:21:08.385784,,False,neutral,0.485,0.0,
instagram,comment,DWqC-sjk36e_c15,DWqC-sjk36e,https://www.instagram.com/jayakumar_udumalaipettai/p/DWqC-sjk36e/,unknown,,Jobs,,,,,,,scrapling_instagram_profile,2026-04-13T02:21:08.385784,,False,neutral,0.4222,0.0,
instagram,comment,DWqC-sjk36e_c16,DWqC-sjk36e,https://www.instagram.com/jayakumar_udumalaipettai/p/DWqC-sjk36e/,unknown,,Locations,,,,,,,scrapling_instagram_profile,2026-04-13T02:21:08.385784,,False,neutral,0.4433,0.0,
instagram,comment,DWonYHiEyvV_c0,DWonYHiEyvV,https://www.instagram.com/jayakumar_udumalaipettai/reel/DWonYHiEyvV/,unknown,,Blog,,,,,,,scrapling_instagram_profile,2026-04-13T02:21:12.051498,,False,neutral,0.428,0.0,
instagram,comment,DWonYHiEyvV_c1,DWonYHiEyvV,https://www.instagram.com/jayakumar_udumalaipettai/reel/DWonYHiEyvV/,unknown,,Terms,,,,,,,scrapling_instagram_profile,2026-04-13T02:21:12.051498,,False,neutral,0.4318,0.0,
instagram,comment,DWonYHiEyvV_c2,DWonYHiEyvV,https://www.instagram.com/jayakumar_udumalaipettai/reel/DWonYHiEyvV/,unknown,,Locations,,,,,,,scrapling_instagram_profile,2026-04-13T02:21:12.051498,,False,neutral,0.4433,0.0,
instagram,comment,DWonYHiEyvV_c3,DWonYHiEyvV,https://www.instagram.com/jayakumar_udumalaipettai/reel/DWonYHiEyvV/,unknown,,About,,,,,,,scrapling_instagram_profile,2026-04-13T02:21:12.051498,,False,neutral,0.425,0.0,
instagram,comment,DWonYHiEyvV_c4,DWonYHiEyvV,https://www.instagram.com/jayakumar_udumalaipettai/reel/DWonYHiEyvV/,unknown,,Messages,,,,,,,scrapling_instagram_profile,2026-04-13T02:21:12.051498,,False,neutral,0.4,0.0,
instagram,comment,DWonYHiEyvV_c5,DWonYHiEyvV,https://www.instagram.com/jayakumar_udumalaipettai/reel/DWonYHiEyvV/,unknown,,Contact Uploading & Non-Users,,,,,,,scrapling_instagram_profile,2026-04-13T02:21:12.051498,,False,neutral,0.9056,0.0,
instagram,comment,DWonYHiEyvV_c6,DWonYHiEyvV,https://www.instagram.com/jayakumar_udumalaipettai/reel/DWonYHiEyvV/,unknown,,Meta AI,,,,,,,scrapling_instagram_profile,2026-04-13T02:21:12.051498,,False,neutral,0.5725,0.0,
instagram,comment,DWonYHiEyvV_c7,DWonYHiEyvV,https://www.instagram.com/jayakumar_udumalaipettai/reel/DWonYHiEyvV/,unknown,,Privacy,,,,,,,scrapling_instagram_profile,2026-04-13T02:21:12.051498,,False,neutral,0.4321,0.0,
instagram,comment,DWonYHiEyvV_c8,DWonYHiEyvV,https://www.instagram.com/jayakumar_udumalaipettai/reel/DWonYHiEyvV/,unknown,,comments from Facebook.,,,,,,,scrapling_instagram_profile,2026-04-13T02:21:12.051498,,False,neutral,0.7633,0.0,
instagram,comment,DWonYHiEyvV_c9,DWonYHiEyvV,https://www.instagram.com/jayakumar_udumalaipettai/reel/DWonYHiEyvV/,unknown,,This reel has,,,,,,,scrapling_instagram_profile,2026-04-13T02:21:12.051498,,False,neutral,0.4137,0.0,
instagram,comment,DWonYHiEyvV_c10,DWonYHiEyvV,https://www.instagram.com/jayakumar_udumalaipettai/reel/DWonYHiEyvV/,unknown,,Meta Verified,,,,,,,scrapling_instagram_profile,2026-04-13T02:21:12.051498,,False,neutral,0.5443,0.0,
instagram,comment,DWonYHiEyvV_c11,DWonYHiEyvV,https://www.instagram.com/jayakumar_udumalaipettai/reel/DWonYHiEyvV/,unknown,,English,,,,,,,scrapling_instagram_profile,2026-04-13T02:21:12.051498,,False,neutral,0.3784,0.0,
instagram,comment,DWonYHiEyvV_c12,DWonYHiEyvV,https://www.instagram.com/jayakumar_udumalaipettai/reel/DWonYHiEyvV/,unknown,,Help,,,,,,,scrapling_instagram_profile,2026-04-13T02:21:12.051498,,False,negative,0.3877,0.0,
instagram,comment,DWonYHiEyvV_c13,DWonYHiEyvV,https://www.instagram.com/jayakumar_udumalaipettai/reel/DWonYHiEyvV/,unknown,,Meta,,,,,,,scrapling_instagram_profile,2026-04-13T02:21:12.051498,,False,neutral,0.4202,0.0,
instagram,comment,DWonYHiEyvV_c14,DWonYHiEyvV,https://www.instagram.com/jayakumar_udumalaipettai/reel/DWonYHiEyvV/,unknown,,Threads,,,,,,,scrapling_instagram_profile,2026-04-13T02:21:12.051498,,False,neutral,0.4742,0.0,
instagram,comment,DWonYHiEyvV_c15,DWonYHiEyvV,https://www.instagram.com/jayakumar_udumalaipettai/reel/DWonYHiEyvV/,unknown,,Instagram Lite,,,,,,,scrapling_instagram_profile,2026-04-13T02:21:12.051498,,False,neutral,0.485,0.0,
instagram,comment,DWonYHiEyvV_c16,DWonYHiEyvV,https://www.instagram.com/jayakumar_udumalaipettai/reel/DWonYHiEyvV/,unknown,,Jobs,,,,,,,scrapling_instagram_profile,2026-04-13T02:21:12.051498,,False,neutral,0.4222,0.0,
instagram,comment,DWonYHiEyvV_c17,DWonYHiEyvV,https://www.instagram.com/jayakumar_udumalaipettai/reel/DWonYHiEyvV/,unknown,,© 2026 Instagram from Meta,,,,,,,scrapling_instagram_profile,2026-04-13T02:21:12.051498,,False,neutral,0.858,0.0,
instagram,comment,DWoeO4vE7tx_c0,DWoeO4vE7tx,https://www.instagram.com/jayakumar_udumalaipettai/p/DWoeO4vE7tx/,unknown,,Blog,,,,,,,scrapling_instagram_profile,2026-04-13T02:21:15.779569,,False,neutral,0.428,0.0,
instagram,comment,DWoeO4vE7tx_c1,DWoeO4vE7tx,https://www.instagram.com/jayakumar_udumalaipettai/p/DWoeO4vE7tx/,unknown,,Terms,,,,,,,scrapling_instagram_profile,2026-04-13T02:21:15.779569,,False,neutral,0.4318,0.0,
instagram,comment,DWoeO4vE7tx_c2,DWoeO4vE7tx,https://www.instagram.com/jayakumar_udumalaipettai/p/DWoeO4vE7tx/,unknown,,Locations,,,,,,,scrapling_instagram_profile,2026-04-13T02:21:15.779569,,False,neutral,0.4433,0.0,
instagram,comment,DWoeO4vE7tx_c3,DWoeO4vE7tx,https://www.instagram.com/jayakumar_udumalaipettai/p/DWoeO4vE7tx/,unknown,,About,,,,,,,scrapling_instagram_profile,2026-04-13T02:21:15.779569,,False,neutral,0.425,0.0,
instagram,comment,DWoeO4vE7tx_c4,DWoeO4vE7tx,https://www.instagram.com/jayakumar_udumalaipettai/p/DWoeO4vE7tx/,unknown,,இறைவன் நாடினால் இந்த முறை உடுமலையில் 🌄🏆💥,,,,,,,scrapling_instagram_profile,2026-04-13T02:21:15.779569,,False,neutral,0.5038,0.0,
instagram,comment,DWoeO4vE7tx_c5,DWoeO4vE7tx,https://www.instagram.com/jayakumar_udumalaipettai/p/DWoeO4vE7tx/,unknown,,Messages,,,,,,,scrapling_instagram_profile,2026-04-13T02:21:15.779569,,False,neutral,0.4,0.0,
instagram,comment,DWoeO4vE7tx_c6,DWoeO4vE7tx,https://www.instagram.com/jayakumar_udumalaipettai/p/DWoeO4vE7tx/,unknown,,Contact Uploading & Non-Users,,,,,,,scrapling_instagram_profile,2026-04-13T02:21:15.779569,,False,neutral,0.9056,0.0,
instagram,comment,DWoeO4vE7tx_c7,DWoeO4vE7tx,https://www.instagram.com/jayakumar_udumalaipettai/p/DWoeO4vE7tx/,unknown,,Meta AI,,,,,,,scrapling_instagram_profile,2026-04-13T02:21:15.779569,,False,neutral,0.5725,0.0,
instagram,comment,DWoeO4vE7tx_c8,DWoeO4vE7tx,https://www.instagram.com/jayakumar_udumalaipettai/p/DWoeO4vE7tx/,unknown,,Privacy,,,,,,,scrapling_instagram_profile,2026-04-13T02:21:15.779569,,False,neutral,0.4321,0.0,
instagram,comment,DWoeO4vE7tx_c9,DWoeO4vE7tx,https://www.instagram.com/jayakumar_udumalaipettai/p/DWoeO4vE7tx/,unknown,,Meta Verified,,,,,,,scrapling_instagram_profile,2026-04-13T02:21:15.779569,,False,neutral,0.5443,0.0,
instagram,comment,DWoeO4vE7tx_c10,DWoeO4vE7tx,https://www.instagram.com/jayakumar_udumalaipettai/p/DWoeO4vE7tx/,unknown,,English,,,,,,,scrapling_instagram_profile,2026-04-13T02:21:15.779569,,False,neutral,0.3784,0.0,
instagram,comment,DWoeO4vE7tx_c11,DWoeO4vE7tx,https://www.instagram.com/jayakumar_udumalaipettai/p/DWoeO4vE7tx/,unknown,,Help,,,,,,,scrapling_instagram_profile,2026-04-13T02:21:15.779569,,False,negative,0.3877,0.0,
instagram,comment,DWoeO4vE7tx_c12,DWoeO4vE7tx,https://www.instagram.com/jayakumar_udumalaipettai/p/DWoeO4vE7tx/,unknown,,Meta,,,,,,,scrapling_instagram_profile,2026-04-13T02:21:15.779569,,False,neutral,0.4202,0.0,
instagram,comment,DWoeO4vE7tx_c13,DWoeO4vE7tx,https://www.instagram.com/jayakumar_udumalaipettai/p/DWoeO4vE7tx/,unknown,,எங்களின் உடுமலை சட்டமன்றமே 💥🏴🚩,,,,,,,scrapling_instagram_profile,2026-04-13T02:21:15.779569,,False,neutral,0.6457,0.0,
instagram,comment,DWoeO4vE7tx_c14,DWoeO4vE7tx,https://www.instagram.com/jayakumar_udumalaipettai/p/DWoeO4vE7tx/,unknown,,Threads,,,,,,,scrapling_instagram_profile,2026-04-13T02:21:15.779569,,False,neutral,0.4742,0.0,
instagram,comment,DWoeO4vE7tx_c15,DWoeO4vE7tx,https://www.instagram.com/jayakumar_udumalaipettai/p/DWoeO4vE7tx/,unknown,,Instagram Lite,,,,,,,scrapling_instagram_profile,2026-04-13T02:21:15.779569,,False,neutral,0.485,0.0,
instagram,comment,DWoeO4vE7tx_c16,DWoeO4vE7tx,https://www.instagram.com/jayakumar_udumalaipettai/p/DWoeO4vE7tx/,unknown,,Jobs,,,,,,,scrapling_instagram_profile,2026-04-13T02:21:15.779569,,False,neutral,0.4222,0.0,
instagram,comment,DWoeO4vE7tx_c17,DWoeO4vE7tx,https://www.instagram.com/jayakumar_udumalaipettai/p/DWoeO4vE7tx/,unknown,,© 2026 Instagram from Meta,,,,,,,scrapling_instagram_profile,2026-04-13T02:21:15.779569,,False,neutral,0.858,0.0,
instagram,comment,DWoT9_Wk0gV_c0,DWoT9_Wk0gV,https://www.instagram.com/jayakumar_udumalaipettai/p/DWoT9_Wk0gV/,unknown,,Meta Verified,,,,,,,scrapling_instagram_profile,2026-04-13T02:21:19.254048,,False,neutral,0.5443,0.0,
instagram,comment,DWoT9_Wk0gV_c1,DWoT9_Wk0gV,https://www.instagram.com/jayakumar_udumalaipettai/p/DWoT9_Wk0gV/,unknown,,English,,,,,,,scrapling_instagram_profile,2026-04-13T02:21:19.254048,,False,neutral,0.3784,0.0,
instagram,comment,DWoT9_Wk0gV_c2,DWoT9_Wk0gV,https://www.instagram.com/jayakumar_udumalaipettai/p/DWoT9_Wk0gV/,unknown,,Contact Uploading & Non-Users,,,,,,,scrapling_instagram_profile,2026-04-13T02:21:19.254048,,False,neutral,0.9056,0.0,
instagram,comment,DWoT9_Wk0gV_c3,DWoT9_Wk0gV,https://www.instagram.com/jayakumar_udumalaipettai/p/DWoT9_Wk0gV/,unknown,,About,,,,,,,scrapling_instagram_profile,2026-04-13T02:21:19.254048,,False,neutral,0.425,0.0,
instagram,comment,DWoT9_Wk0gV_c4,DWoT9_Wk0gV,https://www.instagram.com/jayakumar_udumalaipettai/p/DWoT9_Wk0gV/,unknown,,Help,,,,,,,scrapling_instagram_profile,2026-04-13T02:21:19.254048,,False,negative,0.3877,0.0,
instagram,comment,DWoT9_Wk0gV_c5,DWoT9_Wk0gV,https://www.instagram.com/jayakumar_udumalaipettai/p/DWoT9_Wk0gV/,unknown,,Blog,,,,,,,scrapling_instagram_profile,2026-04-13T02:21:19.254048,,False,neutral,0.428,0.0,
instagram,comment,DWoT9_Wk0gV_c6,DWoT9_Wk0gV,https://www.instagram.com/jayakumar_udumalaipettai/p/DWoT9_Wk0gV/,unknown,,© 2026 Instagram from Meta,,,,,,,scrapling_instagram_profile,2026-04-13T02:21:19.254048,,False,neutral,0.858,0.0,
instagram,comment,DWoT9_Wk0gV_c7,DWoT9_Wk0gV,https://www.instagram.com/jayakumar_udumalaipettai/p/DWoT9_Wk0gV/,unknown,,Terms,,,,,,,scrapling_instagram_profile,2026-04-13T02:21:19.254048,,False,neutral,0.4318,0.0,
instagram,comment,DWoT9_Wk0gV_c8,DWoT9_Wk0gV,https://www.instagram.com/jayakumar_udumalaipettai/p/DWoT9_Wk0gV/,unknown,,Meta AI,,,,,,,scrapling_instagram_profile,2026-04-13T02:21:19.254048,,False,neutral,0.5725,0.0,
instagram,comment,DWoT9_Wk0gV_c9,DWoT9_Wk0gV,https://www.instagram.com/jayakumar_udumalaipettai/p/DWoT9_Wk0gV/,unknown,,Meta,,,,,,,scrapling_instagram_profile,2026-04-13T02:21:19.254048,,False,neutral,0.4202,0.0,
instagram,comment,DWoT9_Wk0gV_c10,DWoT9_Wk0gV,https://www.instagram.com/jayakumar_udumalaipettai/p/DWoT9_Wk0gV/,unknown,,Privacy,,,,,,,scrapling_instagram_profile,2026-04-13T02:21:19.254048,,False,neutral,0.4321,0.0,
instagram,comment,DWoT9_Wk0gV_c11,DWoT9_Wk0gV,https://www.instagram.com/jayakumar_udumalaipettai/p/DWoT9_Wk0gV/,unknown,,Start the conversation.,,,,,,,scrapling_instagram_profile,2026-04-13T02:21:19.254048,,False,neutral,0.6209,0.0,
instagram,comment,DWoT9_Wk0gV_c12,DWoT9_Wk0gV,https://www.instagram.com/jayakumar_udumalaipettai/p/DWoT9_Wk0gV/,unknown,,Messages,,,,,,,scrapling_instagram_profile,2026-04-13T02:21:19.254048,,False,neutral,0.4,0.0,
instagram,comment,DWoT9_Wk0gV_c13,DWoT9_Wk0gV,https://www.instagram.com/jayakumar_udumalaipettai/p/DWoT9_Wk0gV/,unknown,,Threads,,,,,,,scrapling_instagram_profile,2026-04-13T02:21:19.254048,,False,neutral,0.4742,0.0,
instagram,comment,DWoT9_Wk0gV_c14,DWoT9_Wk0gV,https://www.instagram.com/jayakumar_udumalaipettai/p/DWoT9_Wk0gV/,unknown,,Instagram Lite,,,,,,,scrapling_instagram_profile,2026-04-13T02:21:19.254048,,False,neutral,0.485,0.0,
instagram,comment,DWoT9_Wk0gV_c15,DWoT9_Wk0gV,https://www.instagram.com/jayakumar_udumalaipettai/p/DWoT9_Wk0gV/,unknown,,Jobs,,,,,,,scrapling_instagram_profile,2026-04-13T02:21:19.254048,,False,neutral,0.4222,0.0,
instagram,comment,DWoT9_Wk0gV_c16,DWoT9_Wk0gV,https://www.instagram.com/jayakumar_udumalaipettai/p/DWoT9_Wk0gV/,unknown,,Locations,,,,,,,scrapling_instagram_profile,2026-04-13T02:21:19.254048,,False,neutral,0.4433,0.0,
instagram,comment,DWn6AGLk4K0_c0,DWn6AGLk4K0,https://www.instagram.com/jayakumar_udumalaipettai/reel/DWn6AGLk4K0/,unknown,,Blog,,,,,,,scrapling_instagram_profile,2026-04-13T02:21:23.271153,,False,neutral,0.428,0.0,
instagram,comment,DWn6AGLk4K0_c1,DWn6AGLk4K0,https://www.instagram.com/jayakumar_udumalaipettai/reel/DWn6AGLk4K0/,unknown,,Terms,,,,,,,scrapling_instagram_profile,2026-04-13T02:21:23.271153,,False,neutral,0.4318,0.0,
instagram,comment,DWn6AGLk4K0_c2,DWn6AGLk4K0,https://www.instagram.com/jayakumar_udumalaipettai/reel/DWn6AGLk4K0/,unknown,,najmudeen161,,,,,,,scrapling_instagram_profile,2026-04-13T02:21:23.271153,,False,neutral,0.4062,0.0,
instagram,comment,DWn6AGLk4K0_c3,DWn6AGLk4K0,https://www.instagram.com/jayakumar_udumalaipettai/reel/DWn6AGLk4K0/,unknown,,Locations,,,,,,,scrapling_instagram_profile,2026-04-13T02:21:23.271153,,False,neutral,0.4433,0.0,
instagram,comment,DWn6AGLk4K0_c4,DWn6AGLk4K0,https://www.instagram.com/jayakumar_udumalaipettai/reel/DWn6AGLk4K0/,unknown,,About,,,,,,,scrapling_instagram_profile,2026-04-13T02:21:23.271153,,False,neutral,0.425,0.0,
instagram,comment,DWn6AGLk4K0_c5,DWn6AGLk4K0,https://www.instagram.com/jayakumar_udumalaipettai/reel/DWn6AGLk4K0/,unknown,,❤️❤️,,,,,,,scrapling_instagram_profile,2026-04-13T02:21:23.271153,,False,positive,0.489,0.0,
instagram,comment,DWn6AGLk4K0_c6,DWn6AGLk4K0,https://www.instagram.com/jayakumar_udumalaipettai/reel/DWn6AGLk4K0/,unknown,,வாழ்த்துக்கள் 🫂🫂🫂,,,,,,,scrapling_instagram_profile,2026-04-13T02:21:23.271153,,False,negative,0.386,0.0,
instagram,comment,DWn6AGLk4K0_c7,DWn6AGLk4K0,https://www.instagram.com/jayakumar_udumalaipettai/reel/DWn6AGLk4K0/,unknown,,Messages,,,,,,,scrapling_instagram_profile,2026-04-13T02:21:23.271153,,False,neutral,0.4,0.0,
instagram,comment,DWn6AGLk4K0_c8,DWn6AGLk4K0,https://www.instagram.com/jayakumar_udumalaipettai/reel/DWn6AGLk4K0/,unknown,,joragu252,,,,,,,scrapling_instagram_profile,2026-04-13T02:21:23.271153,,False,neutral,0.4849,0.0,
instagram,comment,DWn6AGLk4K0_c9,DWn6AGLk4K0,https://www.instagram.com/jayakumar_udumalaipettai/reel/DWn6AGLk4K0/,unknown,,Contact Uploading & Non-Users,,,,,,,scrapling_instagram_profile,2026-04-13T02:21:23.271153,,False,neutral,0.9056,0.0,
instagram,comment,DWn6AGLk4K0_c10,DWn6AGLk4K0,https://www.instagram.com/jayakumar_udumalaipettai/reel/DWn6AGLk4K0/,unknown,,Meta AI,,,,,,,scrapling_instagram_profile,2026-04-13T02:21:23.271153,,False,neutral,0.5725,0.0,
instagram,comment,DWn6AGLk4K0_c11,DWn6AGLk4K0,https://www.instagram.com/jayakumar_udumalaipettai/reel/DWn6AGLk4K0/,unknown,,Privacy,,,,,,,scrapling_instagram_profile,2026-04-13T02:21:23.271153,,False,neutral,0.4321,0.0,
instagram,comment,DWn6AGLk4K0_c12,DWn6AGLk4K0,https://www.instagram.com/jayakumar_udumalaipettai/reel/DWn6AGLk4K0/,unknown,,🔥🙌❤️,,,,,,,scrapling_instagram_profile,2026-04-13T02:21:23.271153,,False,positive,0.5685,0.0,
instagram,comment,DWn6AGLk4K0_c13,DWn6AGLk4K0,https://www.instagram.com/jayakumar_udumalaipettai/reel/DWn6AGLk4K0/,unknown,,Meta Verified,,,,,,,scrapling_instagram_profile,2026-04-13T02:21:23.271153,,False,neutral,0.5443,0.0,
instagram,comment,DWn6AGLk4K0_c14,DWn6AGLk4K0,https://www.instagram.com/jayakumar_udumalaipettai/reel/DWn6AGLk4K0/,unknown,,English,,,,,,,scrapling_instagram_profile,2026-04-13T02:21:23.271153,,False,neutral,0.3784,0.0,
instagram,comment,DWn6AGLk4K0_c15,DWn6AGLk4K0,https://www.instagram.com/jayakumar_udumalaipettai/reel/DWn6AGLk4K0/,unknown,,Help,,,,,,,scrapling_instagram_profile,2026-04-13T02:21:23.271153,,False,negative,0.3877,0.0,
instagram,comment,DWn6AGLk4K0_c16,DWn6AGLk4K0,https://www.instagram.com/jayakumar_udumalaipettai/reel/DWn6AGLk4K0/,unknown,,Meta,,,,,,,scrapling_instagram_profile,2026-04-13T02:21:23.271153,,False,neutral,0.4202,0.0,
instagram,comment,DWn6AGLk4K0_c17,DWn6AGLk4K0,https://www.instagram.com/jayakumar_udumalaipettai/reel/DWn6AGLk4K0/,unknown,,Threads,,,,,,,scrapling_instagram_profile,2026-04-13T02:21:23.271153,,False,neutral,0.4742,0.0,
instagram,comment,DWn6AGLk4K0_c18,DWn6AGLk4K0,https://www.instagram.com/jayakumar_udumalaipettai/reel/DWn6AGLk4K0/,unknown,,Instagram Lite,,,,,,,scrapling_instagram_profile,2026-04-13T02:21:23.271153,,False,neutral,0.485,0.0,
instagram,comment,DWn6AGLk4K0_c19,DWn6AGLk4K0,https://www.instagram.com/jayakumar_udumalaipettai/reel/DWn6AGLk4K0/,unknown,,Jobs,,,,,,,scrapling_instagram_profile,2026-04-13T02:21:23.271153,,False,neutral,0.4222,0.0,
instagram,comment,DWn6AGLk4K0_c20,DWn6AGLk4K0,https://www.instagram.com/jayakumar_udumalaipettai/reel/DWn6AGLk4K0/,unknown,,© 2026 Instagram from Meta,,,,,,,scrapling_instagram_profile,2026-04-13T02:21:23.271153,,False,neutral,0.858,0.0,
instagram,comment,DWnwP-Rkxo1_c0,DWnwP-Rkxo1,https://www.instagram.com/jayakumar_udumalaipettai/p/DWnwP-Rkxo1/,unknown,,Meta Verified,,,,,,,scrapling_instagram_profile,2026-04-13T02:21:26.795846,,False,neutral,0.5443,0.0,
instagram,comment,DWnwP-Rkxo1_c1,DWnwP-Rkxo1,https://www.instagram.com/jayakumar_udumalaipettai/p/DWnwP-Rkxo1/,unknown,,English,,,,,,,scrapling_instagram_profile,2026-04-13T02:21:26.795846,,False,neutral,0.3784,0.0,
instagram,comment,DWnwP-Rkxo1_c2,DWnwP-Rkxo1,https://www.instagram.com/jayakumar_udumalaipettai/p/DWnwP-Rkxo1/,unknown,,Contact Uploading & Non-Users,,,,,,,scrapling_instagram_profile,2026-04-13T02:21:26.795846,,False,neutral,0.9056,0.0,
instagram,comment,DWnwP-Rkxo1_c3,DWnwP-Rkxo1,https://www.instagram.com/jayakumar_udumalaipettai/p/DWnwP-Rkxo1/,unknown,,About,,,,,,,scrapling_instagram_profile,2026-04-13T02:21:26.795846,,False,neutral,0.425,0.0,
instagram,comment,DWnwP-Rkxo1_c4,DWnwP-Rkxo1,https://www.instagram.com/jayakumar_udumalaipettai/p/DWnwP-Rkxo1/,unknown,,Help,,,,,,,scrapling_instagram_profile,2026-04-13T02:21:26.795846,,False,negative,0.3877,0.0,
instagram,comment,DWnwP-Rkxo1_c5,DWnwP-Rkxo1,https://www.instagram.com/jayakumar_udumalaipettai/p/DWnwP-Rkxo1/,unknown,,Blog,,,,,,,scrapling_instagram_profile,2026-04-13T02:21:26.795846,,False,neutral,0.428,0.0,
instagram,comment,DWnwP-Rkxo1_c6,DWnwP-Rkxo1,https://www.instagram.com/jayakumar_udumalaipettai/p/DWnwP-Rkxo1/,unknown,,© 2026 Instagram from Meta,,,,,,,scrapling_instagram_profile,2026-04-13T02:21:26.795846,,False,neutral,0.858,0.0,
instagram,comment,DWnwP-Rkxo1_c7,DWnwP-Rkxo1,https://www.instagram.com/jayakumar_udumalaipettai/p/DWnwP-Rkxo1/,unknown,,Terms,,,,,,,scrapling_instagram_profile,2026-04-13T02:21:26.795846,,False,neutral,0.4318,0.0,
instagram,comment,DWnwP-Rkxo1_c8,DWnwP-Rkxo1,https://www.instagram.com/jayakumar_udumalaipettai/p/DWnwP-Rkxo1/,unknown,,Meta AI,,,,,,,scrapling_instagram_profile,2026-04-13T02:21:26.795846,,False,neutral,0.5725,0.0,
instagram,comment,DWnwP-Rkxo1_c9,DWnwP-Rkxo1,https://www.instagram.com/jayakumar_udumalaipettai/p/DWnwP-Rkxo1/,unknown,,Meta,,,,,,,scrapling_instagram_profile,2026-04-13T02:21:26.795846,,False,neutral,0.4202,0.0,
instagram,comment,DWnwP-Rkxo1_c10,DWnwP-Rkxo1,https://www.instagram.com/jayakumar_udumalaipettai/p/DWnwP-Rkxo1/,unknown,,Privacy,,,,,,,scrapling_instagram_profile,2026-04-13T02:21:26.795846,,False,neutral,0.4321,0.0,
instagram,comment,DWnwP-Rkxo1_c11,DWnwP-Rkxo1,https://www.instagram.com/jayakumar_udumalaipettai/p/DWnwP-Rkxo1/,unknown,,Start the conversation.,,,,,,,scrapling_instagram_profile,2026-04-13T02:21:26.795846,,False,neutral,0.6209,0.0,
instagram,comment,DWnwP-Rkxo1_c12,DWnwP-Rkxo1,https://www.instagram.com/jayakumar_udumalaipettai/p/DWnwP-Rkxo1/,unknown,,Messages,,,,,,,scrapling_instagram_profile,2026-04-13T02:21:26.795846,,False,neutral,0.4,0.0,
instagram,comment,DWnwP-Rkxo1_c13,DWnwP-Rkxo1,https://www.instagram.com/jayakumar_udumalaipettai/p/DWnwP-Rkxo1/,unknown,,Threads,,,,,,,scrapling_instagram_profile,2026-04-13T02:21:26.795846,,False,neutral,0.4742,0.0,
instagram,comment,DWnwP-Rkxo1_c14,DWnwP-Rkxo1,https://www.instagram.com/jayakumar_udumalaipettai/p/DWnwP-Rkxo1/,unknown,,Instagram Lite,,,,,,,scrapling_instagram_profile,2026-04-13T02:21:26.795846,,False,neutral,0.485,0.0,
instagram,comment,DWnwP-Rkxo1_c15,DWnwP-Rkxo1,https://www.instagram.com/jayakumar_udumalaipettai/p/DWnwP-Rkxo1/,unknown,,Jobs,,,,,,,scrapling_instagram_profile,2026-04-13T02:21:26.795846,,False,neutral,0.4222,0.0,
instagram,comment,DWnwP-Rkxo1_c16,DWnwP-Rkxo1,https://www.instagram.com/jayakumar_udumalaipettai/p/DWnwP-Rkxo1/,unknown,,Locations,,,,,,,scrapling_instagram_profile,2026-04-13T02:21:26.795846,,False,neutral,0.4433,0.0,
instagram,comment,DWngj6VE9BD_c0,DWngj6VE9BD,https://www.instagram.com/jayakumar_udumalaipettai/reel/DWngj6VE9BD/,unknown,,Meta Verified,,,,,,,scrapling_instagram_profile,2026-04-13T02:21:30.667944,,False,neutral,0.5443,0.0,
instagram,comment,DWngj6VE9BD_c1,DWngj6VE9BD,https://www.instagram.com/jayakumar_udumalaipettai/reel/DWngj6VE9BD/,unknown,,English,,,,,,,scrapling_instagram_profile,2026-04-13T02:21:30.667944,,False,neutral,0.3784,0.0,
instagram,comment,DWngj6VE9BD_c2,DWngj6VE9BD,https://www.instagram.com/jayakumar_udumalaipettai/reel/DWngj6VE9BD/,unknown,,Contact Uploading & Non-Users,,,,,,,scrapling_instagram_profile,2026-04-13T02:21:30.667944,,False,neutral,0.9056,0.0,
instagram,comment,DWngj6VE9BD_c3,DWngj6VE9BD,https://www.instagram.com/jayakumar_udumalaipettai/reel/DWngj6VE9BD/,unknown,,About,,,,,,,scrapling_instagram_profile,2026-04-13T02:21:30.667944,,False,neutral,0.425,0.0,
instagram,comment,DWngj6VE9BD_c4,DWngj6VE9BD,https://www.instagram.com/jayakumar_udumalaipettai/reel/DWngj6VE9BD/,unknown,,Help,,,,,,,scrapling_instagram_profile,2026-04-13T02:21:30.667944,,False,negative,0.3877,0.0,
instagram,comment,DWngj6VE9BD_c5,DWngj6VE9BD,https://www.instagram.com/jayakumar_udumalaipettai/reel/DWngj6VE9BD/,unknown,,Blog,,,,,,,scrapling_instagram_profile,2026-04-13T02:21:30.667944,,False,neutral,0.428,0.0,
instagram,comment,DWngj6VE9BD_c6,DWngj6VE9BD,https://www.instagram.com/jayakumar_udumalaipettai/reel/DWngj6VE9BD/,unknown,,© 2026 Instagram from Meta,,,,,,,scrapling_instagram_profile,2026-04-13T02:21:30.667944,,False,neutral,0.858,0.0,
instagram,comment,DWngj6VE9BD_c7,DWngj6VE9BD,https://www.instagram.com/jayakumar_udumalaipettai/reel/DWngj6VE9BD/,unknown,,Terms,,,,,,,scrapling_instagram_profile,2026-04-13T02:21:30.667944,,False,neutral,0.4318,0.0,
instagram,comment,DWngj6VE9BD_c8,DWngj6VE9BD,https://www.instagram.com/jayakumar_udumalaipettai/reel/DWngj6VE9BD/,unknown,,Meta AI,,,,,,,scrapling_instagram_profile,2026-04-13T02:21:30.667944,,False,neutral,0.5725,0.0,
instagram,comment,DWngj6VE9BD_c9,DWngj6VE9BD,https://www.instagram.com/jayakumar_udumalaipettai/reel/DWngj6VE9BD/,unknown,,Meta,,,,,,,scrapling_instagram_profile,2026-04-13T02:21:30.667944,,False,neutral,0.4202,0.0,
instagram,comment,DWngj6VE9BD_c10,DWngj6VE9BD,https://www.instagram.com/jayakumar_udumalaipettai/reel/DWngj6VE9BD/,unknown,,Privacy,,,,,,,scrapling_instagram_profile,2026-04-13T02:21:30.667944,,False,neutral,0.4321,0.0,
instagram,comment,DWngj6VE9BD_c11,DWngj6VE9BD,https://www.instagram.com/jayakumar_udumalaipettai/reel/DWngj6VE9BD/,unknown,,மதிப்பிற்குரிய ஜெயக்குமார் அண்ணா மிக மிக மோசமான நிலையில் நீங்கள் இருக்கிறீர்கள் நேரடியாக மக்களை சென்று உங்கள் வாக்குகளை உறுதி செய்யுங்கள்,,,,,,,scrapling_instagram_profile,2026-04-13T02:21:30.667944,,False,negative,0.6862,0.0,
instagram,comment,DWngj6VE9BD_c12,DWngj6VE9BD,https://www.instagram.com/jayakumar_udumalaipettai/reel/DWngj6VE9BD/,unknown,,Messages,,,,,,,scrapling_instagram_profile,2026-04-13T02:21:30.667944,,False,neutral,0.4,0.0,
instagram,comment,DWngj6VE9BD_c13,DWngj6VE9BD,https://www.instagram.com/jayakumar_udumalaipettai/reel/DWngj6VE9BD/,unknown,,Threads,,,,,,,scrapling_instagram_profile,2026-04-13T02:21:30.667944,,False,neutral,0.4742,0.0,
instagram,comment,DWngj6VE9BD_c14,DWngj6VE9BD,https://www.instagram.com/jayakumar_udumalaipettai/reel/DWngj6VE9BD/,unknown,,Instagram Lite,,,,,,,scrapling_instagram_profile,2026-04-13T02:21:30.667944,,False,neutral,0.485,0.0,
instagram,comment,DWngj6VE9BD_c15,DWngj6VE9BD,https://www.instagram.com/jayakumar_udumalaipettai/reel/DWngj6VE9BD/,unknown,,Jobs,,,,,,,scrapling_instagram_profile,2026-04-13T02:21:30.667944,,False,neutral,0.4222,0.0,
instagram,comment,DWngj6VE9BD_c16,DWngj6VE9BD,https://www.instagram.com/jayakumar_udumalaipettai/reel/DWngj6VE9BD/,unknown,,Locations,,,,,,,scrapling_instagram_profile,2026-04-13T02:21:30.667944,,False,neutral,0.4433,0.0,
instagram,comment,DWmYsFUE1EN_c0,DWmYsFUE1EN,https://www.instagram.com/jayakumar_udumalaipettai/p/DWmYsFUE1EN/,unknown,,Meta Verified,,,,,,,scrapling_instagram_profile,2026-04-13T02:21:34.061034,,False,neutral,0.5443,0.0,
instagram,comment,DWmYsFUE1EN_c1,DWmYsFUE1EN,https://www.instagram.com/jayakumar_udumalaipettai/p/DWmYsFUE1EN/,unknown,,English,,,,,,,scrapling_instagram_profile,2026-04-13T02:21:34.061034,,False,neutral,0.3784,0.0,
instagram,comment,DWmYsFUE1EN_c2,DWmYsFUE1EN,https://www.instagram.com/jayakumar_udumalaipettai/p/DWmYsFUE1EN/,unknown,,Contact Uploading & Non-Users,,,,,,,scrapling_instagram_profile,2026-04-13T02:21:34.061034,,False,neutral,0.9056,0.0,
instagram,comment,DWmYsFUE1EN_c3,DWmYsFUE1EN,https://www.instagram.com/jayakumar_udumalaipettai/p/DWmYsFUE1EN/,unknown,,About,,,,,,,scrapling_instagram_profile,2026-04-13T02:21:34.061034,,False,neutral,0.425,0.0,
instagram,comment,DWmYsFUE1EN_c4,DWmYsFUE1EN,https://www.instagram.com/jayakumar_udumalaipettai/p/DWmYsFUE1EN/,unknown,,Help,,,,,,,scrapling_instagram_profile,2026-04-13T02:21:34.061034,,False,negative,0.3877,0.0,
instagram,comment,DWmYsFUE1EN_c5,DWmYsFUE1EN,https://www.instagram.com/jayakumar_udumalaipettai/p/DWmYsFUE1EN/,unknown,,Blog,,,,,,,scrapling_instagram_profile,2026-04-13T02:21:34.061034,,False,neutral,0.428,0.0,
instagram,comment,DWmYsFUE1EN_c6,DWmYsFUE1EN,https://www.instagram.com/jayakumar_udumalaipettai/p/DWmYsFUE1EN/,unknown,,© 2026 Instagram from Meta,,,,,,,scrapling_instagram_profile,2026-04-13T02:21:34.061034,,False,neutral,0.858,0.0,
instagram,comment,DWmYsFUE1EN_c7,DWmYsFUE1EN,https://www.instagram.com/jayakumar_udumalaipettai/p/DWmYsFUE1EN/,unknown,,Terms,,,,,,,scrapling_instagram_profile,2026-04-13T02:21:34.061034,,False,neutral,0.4318,0.0,
instagram,comment,DWmYsFUE1EN_c8,DWmYsFUE1EN,https://www.instagram.com/jayakumar_udumalaipettai/p/DWmYsFUE1EN/,unknown,,Meta AI,,,,,,,scrapling_instagram_profile,2026-04-13T02:21:34.061034,,False,neutral,0.5725,0.0,
instagram,comment,DWmYsFUE1EN_c9,DWmYsFUE1EN,https://www.instagram.com/jayakumar_udumalaipettai/p/DWmYsFUE1EN/,unknown,,Meta,,,,,,,scrapling_instagram_profile,2026-04-13T02:21:34.061034,,False,neutral,0.4202,0.0,
instagram,comment,DWmYsFUE1EN_c10,DWmYsFUE1EN,https://www.instagram.com/jayakumar_udumalaipettai/p/DWmYsFUE1EN/,unknown,,Privacy,,,,,,,scrapling_instagram_profile,2026-04-13T02:21:34.061034,,False,neutral,0.4321,0.0,
instagram,comment,DWmYsFUE1EN_c11,DWmYsFUE1EN,https://www.instagram.com/jayakumar_udumalaipettai/p/DWmYsFUE1EN/,unknown,,Start the conversation.,,,,,,,scrapling_instagram_profile,2026-04-13T02:21:34.061034,,False,neutral,0.6209,0.0,
instagram,comment,DWmYsFUE1EN_c12,DWmYsFUE1EN,https://www.instagram.com/jayakumar_udumalaipettai/p/DWmYsFUE1EN/,unknown,,Messages,,,,,,,scrapling_instagram_profile,2026-04-13T02:21:34.061034,,False,neutral,0.4,0.0,
instagram,comment,DWmYsFUE1EN_c13,DWmYsFUE1EN,https://www.instagram.com/jayakumar_udumalaipettai/p/DWmYsFUE1EN/,unknown,,Threads,,,,,,,scrapling_instagram_profile,2026-04-13T02:21:34.061034,,False,neutral,0.4742,0.0,
instagram,comment,DWmYsFUE1EN_c14,DWmYsFUE1EN,https://www.instagram.com/jayakumar_udumalaipettai/p/DWmYsFUE1EN/,unknown,,Instagram Lite,,,,,,,scrapling_instagram_profile,2026-04-13T02:21:34.061034,,False,neutral,0.485,0.0,
instagram,comment,DWmYsFUE1EN_c15,DWmYsFUE1EN,https://www.instagram.com/jayakumar_udumalaipettai/p/DWmYsFUE1EN/,unknown,,Jobs,,,,,,,scrapling_instagram_profile,2026-04-13T02:21:34.061034,,False,neutral,0.4222,0.0,
instagram,comment,DWmYsFUE1EN_c16,DWmYsFUE1EN,https://www.instagram.com/jayakumar_udumalaipettai/p/DWmYsFUE1EN/,unknown,,Locations,,,,,,,scrapling_instagram_profile,2026-04-13T02:21:34.061034,,False,neutral,0.4433,0.0,
instagram,comment,DWl7qTME4iT_c0,DWl7qTME4iT,https://www.instagram.com/jayakumar_udumalaipettai/reel/DWl7qTME4iT/,unknown,,Blog,,,,,,,scrapling_instagram_profile,2026-04-13T02:21:37.658722,,False,neutral,0.428,0.0,
instagram,comment,DWl7qTME4iT_c1,DWl7qTME4iT,https://www.instagram.com/jayakumar_udumalaipettai/reel/DWl7qTME4iT/,unknown,,Terms,,,,,,,scrapling_instagram_profile,2026-04-13T02:21:37.658722,,False,neutral,0.4318,0.0,
instagram,comment,DWl7qTME4iT_c2,DWl7qTME4iT,https://www.instagram.com/jayakumar_udumalaipettai/reel/DWl7qTME4iT/,unknown,,Start the conversation.,,,,,,,scrapling_instagram_profile,2026-04-13T02:21:37.658722,,False,neutral,0.6209,0.0,
instagram,comment,DWl7qTME4iT_c3,DWl7qTME4iT,https://www.instagram.com/jayakumar_udumalaipettai/reel/DWl7qTME4iT/,unknown,,Locations,,,,,,,scrapling_instagram_profile,2026-04-13T02:21:37.658722,,False,neutral,0.4433,0.0,
instagram,comment,DWl7qTME4iT_c4,DWl7qTME4iT,https://www.instagram.com/jayakumar_udumalaipettai/reel/DWl7qTME4iT/,unknown,,About,,,,,,,scrapling_instagram_profile,2026-04-13T02:21:37.658722,,False,neutral,0.425,0.0,
instagram,comment,DWl7qTME4iT_c5,DWl7qTME4iT,https://www.instagram.com/jayakumar_udumalaipettai/reel/DWl7qTME4iT/,unknown,,udumalaimjayakumar,,,,,,,scrapling_instagram_profile,2026-04-13T02:21:37.658722,,False,negative,0.3486,0.0,
instagram,comment,DWl7qTME4iT_c6,DWl7qTME4iT,https://www.instagram.com/jayakumar_udumalaipettai/reel/DWl7qTME4iT/,unknown,,Messages,,,,,,,scrapling_instagram_profile,2026-04-13T02:21:37.658722,,False,neutral,0.4,0.0,
instagram,comment,DWl7qTME4iT_c7,DWl7qTME4iT,https://www.instagram.com/jayakumar_udumalaipettai/reel/DWl7qTME4iT/,unknown,,Contact Uploading & Non-Users,,,,,,,scrapling_instagram_profile,2026-04-13T02:21:37.658722,,False,neutral,0.9056,0.0,
instagram,comment,DWl7qTME4iT_c8,DWl7qTME4iT,https://www.instagram.com/jayakumar_udumalaipettai/reel/DWl7qTME4iT/,unknown,,Meta AI,,,,,,,scrapling_instagram_profile,2026-04-13T02:21:37.658722,,False,neutral,0.5725,0.0,
instagram,comment,DWl7qTME4iT_c9,DWl7qTME4iT,https://www.instagram.com/jayakumar_udumalaipettai/reel/DWl7qTME4iT/,unknown,,Privacy,,,,,,,scrapling_instagram_profile,2026-04-13T02:21:37.658722,,False,neutral,0.4321,0.0,
instagram,comment,DWl7qTME4iT_c10,DWl7qTME4iT,https://www.instagram.com/jayakumar_udumalaipettai/reel/DWl7qTME4iT/,unknown,,Meta Verified,,,,,,,scrapling_instagram_profile,2026-04-13T02:21:37.658722,,False,neutral,0.5443,0.0,
instagram,comment,DWl7qTME4iT_c11,DWl7qTME4iT,https://www.instagram.com/jayakumar_udumalaipettai/reel/DWl7qTME4iT/,unknown,,English,,,,,,,scrapling_instagram_profile,2026-04-13T02:21:37.658722,,False,neutral,0.3784,0.0,
instagram,comment,DWl7qTME4iT_c12,DWl7qTME4iT,https://www.instagram.com/jayakumar_udumalaipettai/reel/DWl7qTME4iT/,unknown,,Help,,,,,,,scrapling_instagram_profile,2026-04-13T02:21:37.658722,,False,negative,0.3877,0.0,
instagram,comment,DWl7qTME4iT_c13,DWl7qTME4iT,https://www.instagram.com/jayakumar_udumalaipettai/reel/DWl7qTME4iT/,unknown,,Meta,,,,,,,scrapling_instagram_profile,2026-04-13T02:21:37.658722,,False,neutral,0.4202,0.0,
instagram,comment,DWl7qTME4iT_c14,DWl7qTME4iT,https://www.instagram.com/jayakumar_udumalaipettai/reel/DWl7qTME4iT/,unknown,,Threads,,,,,,,scrapling_instagram_profile,2026-04-13T02:21:37.658722,,False,neutral,0.4742,0.0,
instagram,comment,DWl7qTME4iT_c15,DWl7qTME4iT,https://www.instagram.com/jayakumar_udumalaipettai/reel/DWl7qTME4iT/,unknown,,Instagram Lite,,,,,,,scrapling_instagram_profile,2026-04-13T02:21:37.658722,,False,neutral,0.485,0.0,
instagram,comment,DWl7qTME4iT_c16,DWl7qTME4iT,https://www.instagram.com/jayakumar_udumalaipettai/reel/DWl7qTME4iT/,unknown,,Jobs,,,,,,,scrapling_instagram_profile,2026-04-13T02:21:37.658722,,False,neutral,0.4222,0.0,
instagram,comment,DWl7qTME4iT_c17,DWl7qTME4iT,https://www.instagram.com/jayakumar_udumalaipettai/reel/DWl7qTME4iT/,unknown,,© 2026 Instagram from Meta,,,,,,,scrapling_instagram_profile,2026-04-13T02:21:37.658722,,False,neutral,0.858,0.0,
instagram,comment,DWlUoimE1kf_c0,DWlUoimE1kf,https://www.instagram.com/jayakumar_udumalaipettai/reel/DWlUoimE1kf/,unknown,,Meta Verified,,,,,,,scrapling_instagram_profile,2026-04-13T02:21:41.415327,,False,neutral,0.5443,0.0,
instagram,comment,DWlUoimE1kf_c1,DWlUoimE1kf,https://www.instagram.com/jayakumar_udumalaipettai/reel/DWlUoimE1kf/,unknown,,English,,,,,,,scrapling_instagram_profile,2026-04-13T02:21:41.415327,,False,neutral,0.3784,0.0,
instagram,comment,DWlUoimE1kf_c2,DWlUoimE1kf,https://www.instagram.com/jayakumar_udumalaipettai/reel/DWlUoimE1kf/,unknown,,Contact Uploading & Non-Users,,,,,,,scrapling_instagram_profile,2026-04-13T02:21:41.415327,,False,neutral,0.9056,0.0,
instagram,comment,DWlUoimE1kf_c3,DWlUoimE1kf,https://www.instagram.com/jayakumar_udumalaipettai/reel/DWlUoimE1kf/,unknown,,About,,,,,,,scrapling_instagram_profile,2026-04-13T02:21:41.415327,,False,neutral,0.425,0.0,
instagram,comment,DWlUoimE1kf_c4,DWlUoimE1kf,https://www.instagram.com/jayakumar_udumalaipettai/reel/DWlUoimE1kf/,unknown,,Help,,,,,,,scrapling_instagram_profile,2026-04-13T02:21:41.415327,,False,negative,0.3877,0.0,
instagram,comment,DWlUoimE1kf_c5,DWlUoimE1kf,https://www.instagram.com/jayakumar_udumalaipettai/reel/DWlUoimE1kf/,unknown,,Blog,,,,,,,scrapling_instagram_profile,2026-04-13T02:21:41.415327,,False,neutral,0.428,0.0,
instagram,comment,DWlUoimE1kf_c6,DWlUoimE1kf,https://www.instagram.com/jayakumar_udumalaipettai/reel/DWlUoimE1kf/,unknown,,© 2026 Instagram from Meta,,,,,,,scrapling_instagram_profile,2026-04-13T02:21:41.415327,,False,neutral,0.858,0.0,
instagram,comment,DWlUoimE1kf_c7,DWlUoimE1kf,https://www.instagram.com/jayakumar_udumalaipettai/reel/DWlUoimE1kf/,unknown,,Terms,,,,,,,scrapling_instagram_profile,2026-04-13T02:21:41.415327,,False,neutral,0.4318,0.0,
instagram,comment,DWlUoimE1kf_c8,DWlUoimE1kf,https://www.instagram.com/jayakumar_udumalaipettai/reel/DWlUoimE1kf/,unknown,,Meta AI,,,,,,,scrapling_instagram_profile,2026-04-13T02:21:41.415327,,False,neutral,0.5725,0.0,
instagram,comment,DWlUoimE1kf_c9,DWlUoimE1kf,https://www.instagram.com/jayakumar_udumalaipettai/reel/DWlUoimE1kf/,unknown,,Meta,,,,,,,scrapling_instagram_profile,2026-04-13T02:21:41.415327,,False,neutral,0.4202,0.0,
instagram,comment,DWlUoimE1kf_c10,DWlUoimE1kf,https://www.instagram.com/jayakumar_udumalaipettai/reel/DWlUoimE1kf/,unknown,,Privacy,,,,,,,scrapling_instagram_profile,2026-04-13T02:21:41.415327,,False,neutral,0.4321,0.0,
instagram,comment,DWlUoimE1kf_c11,DWlUoimE1kf,https://www.instagram.com/jayakumar_udumalaipettai/reel/DWlUoimE1kf/,unknown,,Start the conversation.,,,,,,,scrapling_instagram_profile,2026-04-13T02:21:41.415327,,False,neutral,0.6209,0.0,
instagram,comment,DWlUoimE1kf_c12,DWlUoimE1kf,https://www.instagram.com/jayakumar_udumalaipettai/reel/DWlUoimE1kf/,unknown,,Messages,,,,,,,scrapling_instagram_profile,2026-04-13T02:21:41.415327,,False,neutral,0.4,0.0,
instagram,comment,DWlUoimE1kf_c13,DWlUoimE1kf,https://www.instagram.com/jayakumar_udumalaipettai/reel/DWlUoimE1kf/,unknown,,Threads,,,,,,,scrapling_instagram_profile,2026-04-13T02:21:41.415327,,False,neutral,0.4742,0.0,
instagram,comment,DWlUoimE1kf_c14,DWlUoimE1kf,https://www.instagram.com/jayakumar_udumalaipettai/reel/DWlUoimE1kf/,unknown,,Instagram Lite,,,,,,,scrapling_instagram_profile,2026-04-13T02:21:41.415327,,False,neutral,0.485,0.0,
instagram,comment,DWlUoimE1kf_c15,DWlUoimE1kf,https://www.instagram.com/jayakumar_udumalaipettai/reel/DWlUoimE1kf/,unknown,,Jobs,,,,,,,scrapling_instagram_profile,2026-04-13T02:21:41.415327,,False,neutral,0.4222,0.0,
instagram,comment,DWlUoimE1kf_c16,DWlUoimE1kf,https://www.instagram.com/jayakumar_udumalaipettai/reel/DWlUoimE1kf/,unknown,,Locations,,,,,,,scrapling_instagram_profile,2026-04-13T02:21:41.415327,,False,neutral,0.4433,0.0,
